1.0 0.381707519345 0.278435305167 0.490438753312 0.790243414532 1.0 
1.0 0.379608996964 0.547347584819 0.534878411269 0.779778680997 0.0 
1.0 0.929840122883 0.717074466692 0.124169125724 0.771665711922 0.0 
1.0 0.38104406897 0.617885327057 0.118629245913 0.574138228902 1.0 
1.0 0.192169843296 0.308942663528 0.69895104142 0.740154759632 1.0 
1.0 0.921792181382 0.498799238158 0.24409287699 0.902415959701 0.0 
1.0 0.604100411772 0.744330151508 0.247746785276 0.822577448012 0.0 
1.0 0.551139764475 0.587688542809 0.0860404505999 0.747797266701 1.0 
1.0 0.338237096972 0.334417224515 0.51409740022 0.771783372887 1.0 
1.0 0.56666810895 0.696475545095 0.00106834385164 0.224219609555 1.0 
1.0 0.825656779814 0.512736719215 0.315665453292 0.880193131291 0.0 
1.0 0.794647686217 0.527912754867 0.324927305232 0.973903634396 0.0 
1.0 0.622785193518 0.69144274772 0.286983867146 0.784716986279 0.0 
1.0 0.836654190915 0.424775582139 0.341499558447 0.924284168508 0.0 
1.0 0.785337746721 0.895314072749 0.0616020849936 0.39330041736 0.0 
1.0 0.462188376638 0.323498486419 0.424257436406 0.911817925566 1.0 
1.0 0.125543560565 0.791949020943 0.22899601525 0.10452185457 1.0 
1.0 0.415586756954 0.595355607359 0.20721821354 0.650208679997 1.0 
1.0 0.682603898492 0.87208836769 0.0950826027958 0.52498249634 0.0 
1.0 0.690767222667 0.612620534562 0.317914144786 0.795534520854 0.0 
1.0 0.315398538967 0.124274547516 0.620328688048 0.619756858252 1.0 
1.0 0.696868081547 0.732094279824 0.230546276951 0.633978013585 0.0 
1.0 0.829096625778 0.608826291783 0.272143364852 0.865375487602 0.0 
1.0 0.696341648097 0.815021309874 0.0672151980529 0.658437673332 0.0 
1.0 0.492407098919 0.489817659319 0.231875072695 0.886067086755 1.0 
1.0 0.548983550758 0.514441696259 0.281224287591 0.726160924557 0.0 
1.0 0.584543048554 0.653657477914 0.0485364120016 0.601062040245 1.0 
1.0 0.340227448096 0.946341773715 0.306252827019 0.288533056912 0.0 
1.0 0.354881047675 0.51327872717 0.311676395201 0.900297334897 1.0 
1.0 0.184323821474 0.018118070549 0.973347405604 0.48453767606 1.0 
1.0 0.414497832969 0.615408217866 0.191494173649 0.592478427308 1.0 
1.0 0.601576415781 0.611767391215 0.314334331316 0.760025278013 0.0 
1.0 0.359056458185 0.458691772031 0.280229176988 0.817756439983 1.0 
1.0 0.616561740548 0.588695102284 0.0959657096086 0.766139283668 1.0 
1.0 0.571924510886 0.715368179998 0.315811919788 0.759672476972 0.0 
1.0 0.525888987445 0.864342724147 0.0688737157258 0.208579975813 0.0 
1.0 0.867850781357 0.809677938387 0.126417817218 0.711817925566 0.0 
1.0 0.396426021678 0.135578696861 0.641923880501 0.665139074534 1.0 
1.0 0.522413805537 0.587145973575 0.0862989208866 0.721107140584 1.0 
1.0 0.704678046283 0.622764708304 0.24974002197 0.823635851133 0.0 
1.0 0.285247604007 0.26705257683 0.681784306546 0.696180110387 1.0 
1.0 0.463093409486 0.536275430594 0.211093975488 0.716874437382 1.0 
1.0 0.646763155428 0.805576863351 0.220469554354 0.497476745138 0.0 
1.0 0.3678688099 0.190396898749 0.622099209512 0.862788583067 1.0 
1.0 0.409673394919 0.915523841241 0.301044650742 0.513343699137 0.0 
1.0 0.630342758656 0.62423525802 0.352833480518 0.787303708957 0.0 
1.0 0.31068948359 0.53240373138 0.332789109785 0.797063022268 1.0 
1.0 0.792895311858 0.427256433187 0.330208714756 0.821166243851 0.0 
1.0 0.506009706567 0.508865207093 0.222831972774 0.888185711558 1.0 
1.0 0.57038415219 0.723577813783 0.299937536347 0.76202387772 0.0 
1.0 0.623448643893 0.33627318548 0.594714282637 0.58447675423 0.0 
1.0 0.348080681335 0.962989294548 0.231099920305 0.0693690498923 0.0 
1.0 0.759629044704 0.836080479856 0.0970771318414 0.723458541331 0.0 
1.0 0.716742747117 0.541850048831 0.326366123161 0.946970730244 0.0 
1.0 0.591776099921 0.661788532706 0.0315204514614 0.42563445084 1.0 
1.0 0.545296353186 0.393261664303 0.360807288862 0.687714703984 0.0 
1.0 0.60240572875 0.685481969863 0.326516897495 0.797767715068 0.0 
1.0 0.345571108178 0.639333650144 0.189648695802 0.513816525273 1.0 
1.0 0.398077436197 0.266973997837 0.475378551274 0.767550487829 1.0 
1.0 0.885879324146 0.927991708045 0.0401964374179 0.404348181893 0.0 
1.0 0.284382233953 0.123963973403 0.614202942253 0.56425434409 1.0 
1.0 0.258284115412 0.616029366092 0.234680250716 0.684306718678 1.0 
1.0 0.617304516511 0.728453453173 0.23180123635 0.774840375715 0.0 
1.0 0.590261702327 0.54657339465 0.462717815065 0.725457141039 0.0 
1.0 0.700005047992 0.917768955311 0.0812759816486 0.398237813361 0.0 
1.0 0.790277567445 0.898876320408 0.0514140478601 0.371195795485 0.0 
1.0 0.376450396267 0.257840125427 0.463273526181 0.782482973713 1.0 
1.0 0.363275137197 0.496863575644 0.285140112435 0.927693972376 1.0 
1.0 0.394385190634 0.555168065497 0.197031037974 0.701001118416 1.0 
1.0 0.664697949794 0.4850943135 0.447511146531 0.715463233221 0.0 
1.0 0.374546582149 0.526983651828 0.261035173498 0.906289496895 1.0 
1.0 0.415630025456 0.425239572381 0.424735606436 0.820577939024 1.0 
1.0 0.591631871579 0.900504028109 0.172485837982 0.409994817098 0.0 
1.0 0.340948589807 0.59334248841 0.207550347858 0.624812460787 1.0 
1.0 0.536362849664 0.77305638604 0.273328020333 0.715816034262 0.0 
1.0 0.463863588834 0.365620568238 0.307286708166 0.831983051002 1.0 
1.0 0.25413755057 0.622996703424 0.234385163806 0.667375905871 1.0 
1.0 0.316884090893 0.89469666638 0.170379305146 0.279831237441 0.0 
1.0 0.820796284678 0.316916560336 0.394873672647 0.713229129727 0.0 
1.0 0.202554283942 0.699341807392 0.206516897495 0.293470452913 1.0 
1.0 0.509080616432 0.840649286989 0.28797897775 0.416578011766 0.0 
1.0 0.4056205785 0.43104693411 0.293109612941 0.83362975895 1.0 
1.0 0.590896307033 0.567246779197 0.454856010511 0.73768515235 0.0 
1.0 0.92482097657 0.724120383016 0.123945118142 0.772136082999 0.0 
1.0 0.545298516611 0.393261664303 0.360807288862 0.687716522546 0.0 
1.0 0.725922881105 0.390473980999 0.339138863162 0.727456650027 0.0 
1.0 0.556935580411 0.602401523684 0.439166864109 0.827280249507 0.0 
1.0 0.297997389467 0.138519796293 0.590247054516 0.595888231176 1.0 
1.0 0.678875595843 0.79566468473 0.228405410645 0.618929412514 0.0 
1.0 0.21986168502 0.613473677908 0.254796993129 0.671840475736 1.0 
1.0 0.535224166901 0.541929376195 0.260335580589 0.736863162298 0.0 
1.0 0.429937477014 0.597675558566 0.116307321171 0.661256444529 1.0 
1.0 0.38334451103 0.289971449633 0.453529196373 0.804117224511 1.0 
1.0 0.358832904254 0.521718485147 0.184405626037 0.701824017749 1.0 
1.0 0.24813765153 0.270693403481 0.681047666229 0.732746847068 1.0 
1.0 0.548983550758 0.514441696259 0.281224287591 0.726160924557 0.0 
1.0 0.800070671888 0.727914625796 0.14288237448 0.77966111096 0.0 
1.0 0.45600819217 0.301507594098 0.392698214401 0.870318339289 1.0 
1.0 0.386539168812 0.260470650746 0.53528765589 0.898415123162 1.0 
1.0 0.490992218881 0.636624545832 0.0955995433692 0.524636969548 1.0 
1.0 0.377813354102 0.959969616123 0.315846382493 0.297825909054 0.0 
1.0 0.551630861981 0.663337661414 0.0221465957309 0.369431790283 1.0 
1.0 0.322112368301 0.303677871033 0.49062399035 0.836569464524 1.0 
1.0 0.650751069093 0.861944193948 0.0760376505051 0.607054202242 0.0 
1.0 0.803229272584 0.896631206337 0.0583195123527 0.396946634296 0.0 
1.0 0.709473638665 0.594734459133 0.306916234088 0.81211253262 0.0 
1.0 0.353994043369 0.574060700401 0.224086802938 0.618574792911 1.0 
1.0 0.381209931564 0.962368146322 0.361026988606 0.331923947735 0.0 
1.0 0.38966892384 0.641036194981 0.153182415405 0.453149294853 1.0 
1.0 0.314107695303 0.51173015974 0.254280052556 0.782835683825 1.0 
1.0 0.661575406183 0.439024572774 0.337885282271 0.771665711922 0.0 
1.0 0.622511159668 0.601237806224 0.367303508734 0.79400601944 0.0 
1.0 0.537123654169 0.565854808473 0.165248669955 0.726398246906 1.0 
1.0 0.581326756521 0.602554939812 0.440239515799 0.852677377997 0.0 
1.0 0.808219573228 0.386294326971 0.384651172809 0.876192294753 0.0 
1.0 0.795729398784 0.348198483051 0.388416223318 0.767314984042 0.0 
1.0 0.814017552589 0.560200862872 0.256421048097 0.863376887895 0.0 
1.0 0.399267320021 0.518001923314 0.523583259741 0.731218345654 0.0 
1.0 0.771592785698 0.787765625058 0.129963167984 0.673249861335 0.0 
1.0 0.151144091325 0.649013833645 0.263360544511 0.641270447457 1.0 
1.0 0.76578759492 0.605189206988 0.30916923342 0.843859170554 0.0 
1.0 0.440345715337 0.324505045894 0.423150322011 0.903352519163 1.0 
1.0 0.467916405253 0.218891138161 0.517013806621 0.844916664393 1.0 
1.0 0.647166994786 0.741463889211 0.238925194391 0.590596215572 0.0 
1.0 0.546885028377 0.741074736106 0.300196006634 0.735333751603 0.0 
1.0 0.793861641751 0.895856641983 0.0505309410472 0.358493139475 0.0 
1.0 0.334040052211 0.655438601743 0.210392659444 0.659492439328 1.0 
1.0 0.427117812921 0.916762395836 0.317914144786 0.263491457305 0.0 
1.0 0.63400615855 0.508787750658 0.450978956211 0.894768906226 0.0 
1.0 0.619294867634 0.835231078366 0.245753548582 0.579193831437 0.0 
1.0 0.723139274099 0.787301634817 0.210097572533 0.573310783164 0.0 
1.0 0.318896076268 0.258846684902 0.495530617959 0.720637042291 1.0 
1.0 0.33901593002 0.978551676913 0.258045103065 0.0877092482974 0.0 
1.0 0.703704504972 0.358189240665 0.408275357012 0.792712112533 0.0 
1.0 0.22693608521 0.658147706055 0.214231373985 0.42998081417 1.0 
1.0 0.380099373328 0.112502666073 0.667908759989 0.685952517345 1.0 
1.0 0.789073260786 0.580253473379 0.296689426411 0.865258190349 0.0 
1.0 0.028203852339 0.769568975517 0.257270122989 0.0872455149713 1.0 
1.0 0.375065804181 0.920635217608 0.347000667715 0.496294679797 0.0 
1.0 0.768751487355 0.375222172747 0.349512137334 0.712523527647 0.0 
1.0 0.598814443026 0.68114515785 0.170271609193 0.617992853051 0.0 
1.0 0.461447042958 0.607973148436 0.100842182351 0.683833892541 1.0 
1.0 0.229820652056 0.647154130823 0.211168070304 0.4262163907 1.0 
1.0 0.467705110731 0.635617986357 0.0851918064919 0.522991170881 1.0 
1.0 0.740720709027 0.804955715125 0.211426109807 0.546268765287 0.0 
1.0 0.451695764735 0.642663902682 0.0775497016822 0.453849441247 1.0 
1.0 0.404892225371 0.95989103713 0.245642837142 0.140974931122 0.0 
1.0 0.626145713894 0.648160690298 0.287871281797 0.744151959046 0.0 
1.0 0.437650087619 0.275262210614 0.469067568441 0.871136692217 1.0 
1.0 0.796248620816 0.549206165083 0.278088181446 0.930867363176 0.0 
1.0 0.387830012476 0.464188559647 0.313744157495 0.824811551506 1.0 
1.0 0.265502743944 0.503135301799 0.319576970297 0.831983051002 1.0 
1.0 0.238849346285 0.0299647891277 0.786947250522 0.533220582485 1.0 
1.0 0.711463989789 0.622375555198 0.236193594245 0.829278849214 0.0 
1.0 0.312528394955 0.259928081513 0.552264845887 0.830925557162 1.0 
1.0 0.577633068674 0.784435372521 0.282848342559 0.553906725952 0.0 
1.0 0.571510575543 0.540069299188 0.486600469554 0.737920656137 0.0 
1.0 0.556790630927 0.669530434392 0.0308915070972 0.400701964956 1.0 
1.0 0.481672904542 0.825550894865 0.144950136774 0.474190057921 0.0 
1.0 0.411281540936 0.573443294031 0.532737415728 0.871018485683 0.0 
1.0 0.337104904485 0.499031607464 0.300605251255 0.738156159924 1.0 
1.0 0.713526455084 0.852496005568 0.0656988390376 0.473835438319 0.0 
1.0 0.63228262986 0.348119904059 0.581902772094 0.612937250516 0.0 
1.0 0.632816274726 0.663337661414 0.0234734098693 0.549796775689 1.0 
1.0 0.183350280164 0.643670462157 0.251954681543 0.671140329342 1.0 
1.0 0.658633148 0.550677088985 0.423774958537 0.889476890623 0.0 
1.0 0.561421081857 0.933335079533 0.168165076356 0.406939632832 0.0 
1.0 0.126041148346 0.322802501057 0.672854158141 0.675604899206 1.0 
1.0 0.442367075554 0.219665702515 0.519818209232 0.808349927712 1.0 
1.0 0.412110853904 0.870771234102 0.332862343033 0.298180528656 0.0 
1.0 0.870547851358 0.32938442714 0.378598660262 0.755675277558 0.0 
1.0 0.74158607908 0.530700438171 0.288090981541 0.88594888022 0.0 
1.0 0.821063107111 0.63995479837 0.263729295453 0.836333960737 0.0 
1.0 0.305987639631 0.589005676397 0.20946992052 0.585185993435 1.0 
1.0 0.422711637064 0.946031199602 0.234421780429 0.157196504724 0.0 
1.0 0.347301848286 0.984591033763 0.354530768734 0.456677305255 0.0 
1.0 0.644808861389 0.551838561331 0.409787408189 0.851266173836 0.0 
1.0 0.535968385147 0.510026679439 0.226338380684 0.809172827046 1.0 
1.0 0.658142771636 0.763297623547 0.24855881276 0.576011347827 0.0 
1.0 0.371005776345 0.646611561589 0.150856182825 0.427280249507 1.0 
1.0 0.538721704202 0.479829146819 0.181489219635 0.806468625258 1.0 
1.0 0.808630624004 0.841734425457 0.0975165313288 0.722988443038 0.0 
1.0 0.883059660054 0.646768719574 0.173704956168 0.869372687016 0.0 
1.0 0.731821820306 0.872395199946 0.0444784285007 0.413286414432 0.0 
1.0 0.324528193035 0.490746762358 0.343347620996 0.88594888022 1.0 
1.0 0.5107556844 0.834303097883 0.290012277339 0.4198696091 0.0 
1.0 0.722151309954 0.771196683218 0.216076851832 0.842095165353 0.0 
1.0 0.115433153769 0.786141659214 0.232428543735 0.0894732534985 1.0 
1.0 0.454824077479 0.580332052371 0.1633661447 0.67195868227 1.0 
1.0 0.535224166901 0.541929376195 0.260335580589 0.736863162298 0.0 
1.0 0.36416935292 0.951453150082 0.342055269563 0.303472544259 0.0 
1.0 0.800849504936 0.649477823886 0.258967841988 0.813170935741 0.0 
1.0 0.165566925557 0.632134317691 0.274025890107 0.659374232794 1.0 
1.0 0.548983550758 0.514440162097 0.281224287591 0.726162743119 0.0 
1.0 0.688611008949 0.558730313156 0.396794968445 0.788714913118 0.0 
1.0 0.804909532772 0.924197465266 0.0600168005686 0.397173954554 0.0 
1.0 0.401106231386 0.121561701347 0.65495078295 0.731571146694 1.0 
1.0 0.376479241936 0.618349317298 0.196587761432 0.563317784628 1.0 
1.0 0.666731569421 0.739682765382 0.250552049454 0.854558680451 0.0 
1.0 0.628979800821 0.672782107938 0.0321493958257 0.559671567691 1.0 
1.0 0.50336232323 0.74727125094 0.275059771254 0.674431926676 0.0 
1.0 0.367515450461 0.935269619491 0.309905873737 0.464433472453 0.0 
1.0 0.281230844673 0.0275625170722 0.903069334654 0.717109031888 1.0 
1.0 0.443358645407 0.635075417123 0.149232127857 0.509470161943 1.0 
1.0 0.686894691676 0.762912212298 0.193561074375 0.694651608973 0.0 
1.0 0.326944017769 0.506852088143 0.291817261507 0.887012739027 1.0 
1.0 0.385587261753 0.55524664449 0.608072888621 0.863612391682 0.0 
1.0 0.219854473603 0.733643408532 0.251290412906 0.328277730798 1.0 
1.0 0.922174386489 0.896320632224 0.0215564219097 0.382952799222 0.0 
1.0 0.225118808097 0.667749310563 0.217516531329 0.584949580367 1.0 
1.0 0.882915431711 0.527603303311 0.235455661576 0.884539494622 0.0 
1.0 0.778421997707 0.377003296576 0.399784608094 0.895941878756 0.0 
1.0 0.761150653715 0.624156679027 0.27328924979 0.814346636115 0.0 
1.0 0.441693529195 0.889121299771 0.278566351477 0.30205406585 0.0 
1.0 0.289581665693 0.513046432701 0.257270122989 0.772253653037 1.0 
1.0 0.230318239837 0.0362361410979 0.903289034398 0.660792711203 1.0 
1.0 0.405310487564 0.951453150082 0.225231050897 0.131454758722 0.0 
1.0 0.658770164925 0.826172043091 0.228700712947 0.479718486593 0.0 
1.0 0.787926645465 0.890591849488 0.0584272083055 0.406112187094 0.0 
1.0 0.821409255133 0.93101138647 0.0517112886898 0.390472553352 0.0 
1.0 0.292105661684 0.267441729935 0.600435091649 0.942742573447 1.0 
1.0 0.682538995738 0.344172245151 0.483903762897 0.796827518481 0.0 
1.0 0.757847824676 0.772435237814 0.182191397247 0.710760431727 0.0 
1.0 0.448663363838 0.539759473446 0.206664656342 0.729337952481 1.0 
1.0 0.406911422164 0.443668217043 0.336075990264 0.831748456495 1.0 
1.0 0.353474821337 0.509097576399 0.284623171861 0.758262182093 1.0 
1.0 0.508127591603 0.538907826842 0.200094341655 0.846210571301 1.0 
1.0 0.709992860697 0.855362267865 0.0826803368729 0.684306718678 0.0 
1.0 0.639119053285 0.768177004793 0.228147039438 0.813170935741 0.0 
1.0 0.78206376335 0.545876660917 0.318357852112 0.870427453013 0.0 
1.0 0.751927251224 0.637631105307 0.266903741357 0.800120025096 0.0 
1.0 0.298776222515 0.492759881308 0.339914274022 0.902534166235 1.0 
1.0 0.265870526217 0.528687319222 0.341758028733 0.742858961419 1.0 
1.0 0.371041833431 0.261323794093 0.455002477007 0.747679969448 1.0 
1.0 0.394125579618 0.921099207849 0.337402804403 0.510288514871 0.0 
1.0 0.351578218636 0.574988680883 0.229660413122 0.624694254253 1.0 
1.0 0.463526815655 0.51196241679 0.214009951106 0.822930249052 1.0 
1.0 0.855988000202 0.805730279479 0.122213367222 0.66619384053 0.0 
1.0 0.683728879562 0.756408865207 0.192933853146 0.714404830101 0.0 
1.0 0.568140680325 0.556795773199 0.121287182028 0.771548141884 1.0 
1.0 0.561575406183 0.651412363843 0.0379822086286 0.400701964956 1.0 
1.0 0.479122226309 0.739061617156 0.287647274215 0.671604062668 0.0 
1.0 0.145093712365 0.796128674971 0.221945850475 0.0950016821699 1.0 
1.0 0.523039756543 0.868447541039 0.223643871023 0.608236267583 0.0 
1.0 0.322494573409 0.259232096151 0.615417752601 0.971430389991 1.0 
1.0 0.434884509155 0.508245929795 0.188688909471 0.777544668431 1.0 
1.0 0.403601381708 0.199613092009 0.608887070024 0.865375487602 1.0 
1.0 0.634900374273 0.678821464787 0.319835440584 0.845857770261 0.0 
1.0 0.19823464509 0.640418788611 0.26099812609 0.68653900361 1.0 
1.0 0.75126380085 0.362136899572 0.415839920736 0.874546496086 0.0 
1.0 0.40417108366 0.445681335993 0.401150192776 0.82739754676 1.0 
1.0 0.275353539724 0.619898446007 0.24161974713 0.699002518708 1.0 
1.0 0.80786621379 0.935191040498 0.0720485924139 0.406112187094 0.0 
1.0 0.596153430111 0.843826123399 0.132362633812 0.70394082399 0.0 
1.0 0.594949123452 0.667827889555 0.0225127619704 0.539685570619 1.0 
1.0 0.227844723767 0.69864582203 0.187950546018 0.31534775453 1.0 
1.0 0.549185470437 0.859388505764 0.188541150624 0.607054202242 0.0 
1.0 0.654299086313 0.584668864384 0.0979602386542 0.777544668431 1.0 
1.0 0.343386048792 0.503909866154 0.285213345682 0.902415959701 1.0 
1.0 0.667373385544 0.296863949829 0.562379649773 0.699708120789 0.0 
1.0 0.481846699695 0.669377018264 0.361875632714 0.743447266247 0.0 
1.0 0.742819231407 0.348430478172 0.391517866759 0.763553288415 0.0 
1.0 0.303095861368 0.26728457195 0.679389148556 0.738979059258 1.0 
1.0 0.765722692166 0.881147402964 0.0562862127641 0.46231484765 0.0 
1.0 0.589446812193 0.663723072663 0.374092661598 0.853970375624 0.0 
1.0 0.75893674866 0.359581211389 0.378525427014 0.770137210508 0.0 
1.0 0.451811147409 0.520247561245 0.226375298856 0.745093064914 1.0 
1.0 0.318275894396 0.522105767324 0.305068171538 0.865728288642 1.0 
1.0 0.311223128457 0.662099106819 0.206516897495 0.446557007374 1.0 
1.0 0.431718697041 0.545102096562 0.154621233334 0.734746356056 1.0 
1.0 0.726550274394 0.601237806224 0.318762788894 0.809172827046 0.0 
1.0 0.481605838363 0.629268055394 0.077734938721 0.524164143412 1.0 
1.0 0.544054547159 0.539836929881 0.176914295561 0.813641034034 1.0 
1.0 0.782712790891 0.895007240493 0.0534085769057 0.362375769479 0.0 
1.0 0.10940440906 0.752072053194 0.266387231568 0.174954763269 1.0 
1.0 0.621847709293 0.547889779867 0.128041872186 0.852207279704 1.0 
1.0 0.226928873793 0.666510755967 0.214711267151 0.578721005301 1.0 
1.0 0.648284764439 0.336740917578 0.595045986172 0.607527028379 0.0 
1.0 0.483511815907 0.4910565881 0.557951192194 0.84303627122 0.0 
1.0 0.50045504042 0.583430309788 0.132216167316 0.725692644826 1.0 
1.0 0.354657493744 0.257297556193 0.468921101945 0.734393555016 1.0 
1.0 0.423699601209 0.462096861705 0.353682124626 0.837392363858 1.0 
1.0 0.224448146305 0.287804914555 0.662627350464 0.685006865072 1.0 
1.0 0.378202770626 0.262098358447 0.515277747862 0.85902688744 1.0 
1.0 0.610785395438 0.829113142524 0.137273569259 0.598352382771 0.0 
1.0 0.391284281274 0.54564429161 0.57935683977 0.832571355829 0.0 
1.0 0.784876216025 0.890359854367 0.0437762508885 0.330278149068 0.0 
1.0 0.602211020488 0.699573802512 0.313929394533 0.797297616774 0.0 
1.0 0.76621306853 0.569338477139 0.27173842807 0.904643698228 0.0 
1.0 0.76208813794 0.563373957425 0.310754517845 0.940860361712 0.0 
1.0 0.376681161615 0.177233046582 0.616119930213 0.766139283668 1.0 
1.0 0.572424983233 0.806347685849 0.109367393973 0.601298453313 0.0 
1.0 0.331350193627 0.987767870173 0.259410687746 0.080653227493 0.0 
1.0 0.783628640864 0.399069026032 0.33341805415 0.824576047719 0.0 
1.0 0.762816491069 0.766395880964 0.19245395998 0.820813442811 0.0 
1.0 0.298559880002 0.228881895774 0.737411420079 0.700648317375 1.0 
1.0 0.33076606884 0.177079630454 0.609477243845 0.698179619375 1.0 
1.0 0.416488184093 0.620826426489 0.123208477825 0.605763023178 1.0 
1.0 0.338871701678 1.0 0.371103021948 0.236922265565 0.0 
1.0 0.422315009122 0.46852537166 0.325224546062 0.847503568928 1.0 
1.0 0.981142144243 0.882771368809 0.0376849677989 0.483955736199 0.0 
1.0 0.48588942013 0.614633653512 0.108148275788 0.717580039463 1.0 
1.0 0.499337991909 0.456289499976 0.573636030758 0.774722805678 0.0 
1.0 0.647304011711 0.515369329392 0.435182113856 0.74638606254 0.0 
1.0 0.620859745149 0.81200163145 0.22526796907 0.580012184366 0.0 
1.0 0.871499758418 0.495547564613 0.249444935059 0.87783809342 0.0 
1.0 0.5773828325 0.733875403653 0.327809248928 0.783306054902 0.0 
1.0 0.38757040146 0.247695951685 0.567729984707 0.865258190349 1.0 
1.0 0.44326273356 0.591250790467 0.125827643397 0.661374651063 1.0 
1.0 0.75561228537 0.540146755623 0.318357852112 0.949325768115 0.0 
1.0 0.348585480533 0.174602521263 0.615383289896 0.751442574356 1.0 
1.0 0.509638996459 0.642585323689 0.0367630904431 0.389417787356 1.0 
1.0 0.82404142238 0.40038615962 0.358773989273 0.893123107559 0.0 
1.0 0.626463016247 0.809524522258 0.18998083012 0.453849441247 0.0 
1.0 0.35979202273 0.659000849401 0.193450362935 0.666903079735 1.0 
1.0 0.636335446279 0.774216361643 0.172817541517 0.633978013585 0.0 
1.0 0.678954921432 0.90723937032 0.09810670515 0.486183474727 0.0 
1.0 0.52144170651 0.541618053711 0.205668253387 0.777779826691 1.0 
1.0 0.723745033136 0.784824525626 0.175363473841 0.806468625258 0.0 
1.0 0.48267457038 0.634843422003 0.0810175113619 0.487829273394 1.0 
1.0 0.395539017372 0.14564429161 0.57703060719 0.679014703074 1.0 
1.0 0.633494147935 0.653193487672 0.0548473948349 0.620811624249 1.0 
1.0 0.625734663119 0.638327090669 0.351579899627 0.785187266428 0.0 
1.0 0.617939121217 0.306308396352 0.600620328688 0.620693417715 0.0 
1.0 0.516349003743 0.530003330253 0.185403752127 0.816227938569 1.0 
1.0 0.55544353821 0.904066275767 0.167281969544 0.421278994699 0.0 
1.0 0.0 0.859620500885 0.238888146983 0.35143711867 1.0 
1.0 0.672926176723 0.655053190494 0.254907704568 0.741094956218 0.0 
1.0 0.292783534892 0.672475275681 0.202309001228 0.416814424834 1.0 
1.0 0.714600956234 0.889585290013 0.0896547267754 0.494530674596 0.0 
1.0 0.81616655489 0.41610569997 0.319796670041 0.863141384108 0.0 
1.0 0.874607879194 0.638095095548 0.173002778556 0.87901106595 0.0 
1.0 0.562566976036 0.526286918094 0.156611454542 0.853500277331 1.0 
1.0 0.476869379602 0.509871766568 0.229623494949 0.763082280841 1.0 
1.0 0.361551608507 0.659311423515 0.200389859349 0.670431090137 1.0 
1.0 0.932313638953 0.735192537241 0.106377754324 0.749914072943 0.0 
1.0 0.548175150899 0.503754953283 0.23560298964 0.817873737236 1.0 
1.0 0.400356244006 0.432364067698 0.29687466345 0.858555879866 1.0 
1.0 0.582833942698 0.255980422605 0.58478471579 0.659146912536 0.0 
1.0 0.40519510489 0.478358222917 0.329321300106 0.813170935741 1.0 
1.0 0.451589756903 0.636313971719 0.0863333835914 0.495358120334 1.0 
1.0 0.55700264659 0.696864698201 0.00313610614513 0.222219191285 1.0 
1.0 0.332129026675 0.650173809248 0.166691795722 0.514052938342 1.0 
1.0 0.887299973318 0.664422799882 0.160634975338 0.869136273948 0.0 
1.0 0.797027453865 0.914131870517 0.0494238266526 0.316757140129 0.0 
1.0 0.766451045295 0.399533016273 0.348736726474 0.799531720269 0.0 
1.0 0.322328710815 0.479596777513 0.3443427316 0.762142084254 1.0 
1.0 0.661250892413 0.709717976254 0.150300471708 0.670312883603 0.0 
1.0 0.312925022896 0.576462972456 0.263729295453 0.768961419206 1.0 
1.0 0.328818986219 0.242042006084 0.522329678851 0.723575838584 1.0 
1.0 0.532040326245 0.771196683218 0.257750016154 0.726632841412 0.0 
1.0 0.561998716368 0.587067394583 0.0937514808194 0.758614983133 1.0 
1.0 0.424925542118 0.563841689523 0.559463243371 0.834217154496 0.0 
1.0 0.705363130909 0.792334432192 0.230804661081 0.54720532475 0.0 
1.0 0.807411894511 0.78761220893 0.121028711741 0.667257699337 0.0 
1.0 0.375238878192 0.27959528077 0.471135330734 0.79506351328 1.0 
1.0 0.293930150214 0.128996770778 0.606117130118 0.585067786901 1.0 
1.0 0.678587139159 0.259464091271 0.590466754259 0.736509451976 0.0 
1.0 0.572453828902 0.910027053625 0.166653025179 0.410585849769 0.0 
1.0 0.236880629412 0.205109879624 0.671561806707 0.811877938114 1.0 
1.0 0.521595309694 0.856989975566 0.0672496607577 0.247851823563 0.0 
1.0 0.0843086774982 0.858692520402 0.215892476361 0.227865826491 1.0 
1.0 0.774232164363 0.367633687188 0.411338229909 0.882539076352 0.0 
1.0 0.550976065307 0.646379566468 0.0562862127641 0.615046782509 1.0 
1.0 0.711427932703 0.921409781962 0.0921661963943 0.41552324577 0.0 
1.0 0.584326706041 0.607202325938 0.33622245676 0.761789283214 0.0 
1.0 0.750066705608 0.882153962439 0.0631184440089 0.439628285914 0.0 
1.0 0.789953053675 0.626633788218 0.267715768841 0.832335852042 0.0 
1.0 0.810909431812 0.523886516967 0.26911840093 0.865728288642 0.0 
1.0 0.495362337653 0.471155896979 0.287242337433 0.843976467807 1.0 
1.0 0.757689173499 0.368793662791 0.398935963986 0.810113932913 0.0 
1.0 0.799335107342 0.351064745348 0.432192474207 0.880656864617 0.0 
1.0 0.516300687248 0.750212350373 0.160966678872 0.552260927285 0.0 
1.0 0.466818827568 0.5684067548 0.166321321645 0.675013866536 1.0 
1.0 0.44826817818 0.626169797977 0.172300600943 0.644089218655 1.0 
1.0 0.763833300882 0.837786766549 0.0864453873823 0.668076052265 0.0 
1.0 0.612963243407 0.51219471126 0.407719645896 0.831042854415 0.0 
1.0 0.414086782194 0.899576047626 0.100506170978 0.244087400093 0.0 
1.0 0.492965262604 0.860395065239 0.0681370754087 0.158023950462 0.0 
1.0 0.689757624271 0.599071271146 0.345044909212 0.849503077916 0.0 
1.0 0.511102265106 0.767323861447 0.273844960906 0.692417505478 0.0 
1.0 0.397846670849 0.281376404599 0.458289357486 0.831748456495 1.0 
1.0 0.856637027742 0.890049280254 0.0414500183083 0.38377115215 0.0 
1.0 0.248332359792 0.00425823302039 0.986120145605 0.550615128618 1.0 
1.0 0.652114026927 0.585132854625 0.341835569819 0.820343344517 0.0 
1.0 0.644801649972 0.802089452828 0.234348116398 0.494412468062 0.0 
1.0 0.839661351852 0.725901506846 0.136239688113 0.794828918774 0.0 
1.0 0.365121259979 0.636235392727 0.169237728046 0.542504341817 1.0 
1.0 0.190770828375 0.700969515093 0.199762207336 0.279722123717 1.0 
1.0 0.843613208432 0.801240051338 0.123281711073 0.664666248397 0.0 
1.0 0.820558307913 0.381261529596 0.386606931312 0.845387671968 0.0 
1.0 0.920522971969 0.73356482954 0.123910655438 0.754969675478 0.0 
1.0 0.664474395864 0.487727083934 0.463234755638 0.711466033807 0.0 
1.0 0.550264298437 0.91846868253 0.16790660607 0.38377115215 0.0 
1.0 0.618573725923 0.858767357538 0.129851164193 0.710407630686 0.0 
1.0 0.478371517787 0.631281174344 0.100174467444 0.532747756349 1.0 
1.0 0.346732146334 0.252264758819 0.550528787128 0.833041454122 1.0 
1.0 0.499040160382 0.84490752001 0.268454132294 0.392945797758 0.0 
1.0 0.464383532008 0.57986806213 0.135093803175 0.707232421324 1.0 
1.0 0.653455350511 0.546186112473 0.427466775799 0.906407703429 0.0 
1.0 0.0821164066951 0.761131088469 0.256863893855 0.169899160734 1.0 
1.0 0.781400312976 0.814168166528 0.117965838844 0.607054202242 0.0 
1.0 0.334883788013 0.987068142954 0.354642772525 0.250907007829 0.0 
1.0 0.411101255508 0.443668217043 0.221023111551 0.766374787456 1.0 
1.0 0.796630825924 0.53255864425 0.286393693325 0.924402375042 0.0 
1.0 0.605665289286 0.673867246405 0.319650203545 0.806468625258 0.0 
1.0 0.307913088001 0.638016516556 0.187434036229 0.491239077262 1.0 
1.0 0.453177710952 0.610222004363 0.096482650182 0.66243850987 1.0 
1.0 0.35169360131 0.628414912048 0.123759881104 0.556852796494 1.0 
1.0 0.151252262582 0.638869659903 0.273508949534 0.64597143039 1.0 
1.0 0.529123308021 0.698181831789 0.00590604605079 0.210580394082 1.0 
1.0 0.590564581846 0.650020393119 0.311232687876 0.737803358884 0.0 
1.0 0.37381822902 0.810452502741 0.15602128072 0.610109386508 0.0 
1.0 0.487632419647 0.630353193862 0.0818661554699 0.512170726606 1.0 
1.0 0.366008264284 0.957103353826 0.210281948004 0.0614946761596 0.0 
1.0 0.34206635946 0.319782822632 0.470247916083 0.860672686107 1.0 
1.0 0.911025535628 0.906928796207 0.0388653154414 0.382834592688 0.0 
1.0 0.616720391724 0.516840488387 0.496232795572 0.749678569155 0.0 
1.0 0.510014422834 0.476035278226 0.288129752084 0.847621775462 1.0 
1.0 0.526957719461 0.605421202109 0.105305102634 0.722752939251 1.0 
1.0 0.340378887855 0.16623947135 0.625459323239 0.704646426071 1.0 
1.0 0.772508635672 0.627408352573 0.264393994874 0.805175627631 0.0 
1.0 0.704079498662 0.779170580025 0.202383096043 0.815287741982 0.0 
1.0 0.344676892456 0.511652703304 0.34888319297 0.821519044891 1.0 
1.0 0.39244531943 0.156795024827 0.632842957762 0.784716986279 1.0 
1.0 0.535419596305 0.770268702736 0.305809119693 0.721577238877 0.0 
1.0 0.177768643316 0.644519863647 0.256458095505 0.691124507852 1.0 
1.0 0.855894251779 0.545411922304 0.298240248131 0.885248733826 0.0 
1.0 0.700250236174 0.897637765812 0.0794666896418 0.41293179483 0.0 
1.0 0.472325465677 0.548818882906 0.15757210244 0.725575347573 1.0 
1.0 0.801433629723 0.904608845001 0.0479850087234 0.344617510934 0.0 
1.0 0.580014278606 0.806658259962 0.215560342042 0.535330114478 0.0 
1.0 0.817702586735 0.800386907991 0.124871303336 0.689831510225 0.0 
1.0 0.662621061665 0.742855859935 0.202825941801 0.574483755694 0.0 
1.0 0.488613893516 0.491211500971 0.209617679368 0.85832128536 1.0 
1.0 0.862990286221 0.541153315098 0.261035173498 0.887249152095 0.0 
1.0 0.502678825116 0.65536002275 0.0320761625778 0.390590759886 1.0 
1.0 0.806193165019 0.533797573032 0.274801300967 0.943451812652 0.0 
1.0 0.780123892146 0.783971382279 0.162259030306 0.813759240568 0.0 
1.0 0.680685661539 0.524196342709 0.436547698537 0.907935295562 0.0 
1.0 0.492050854913 0.432906636931 0.223606952851 0.828574156415 1.0 
1.0 0.62055686563 0.548896339342 0.142843603937 0.836804059031 1.0 
1.0 0.724242620917 0.732868844178 0.131625993495 0.716756230848 0.0 
1.0 0.407084496174 0.639565645264 0.167721369031 0.595888231176 1.0 
1.0 0.417202114387 0.46024090074 0.351429125293 0.817873737236 1.0 
1.0 0.508060208121 0.36546715211 0.305068171538 0.860672686107 1.0 
1.0 0.473606213357 0.352613874057 0.313446916665 0.845622266474 1.0 
1.0 0.44789318449 0.516840488387 0.230029508691 0.756262673104 1.0 
1.0 0.531867252234 0.639255071151 0.033514980507 0.412468061504 1.0 
1.0 0.562759520873 0.733179418291 0.279234066384 0.718520236049 0.0 
1.0 0.297651241445 0.667053325201 0.208030241024 0.410585849769 1.0 
1.0 0.531575189841 0.348662473292 0.424662373188 0.687361902943 0.0 
1.0 0.527044256467 0.542779526056 0.198470286687 0.780484101221 1.0 
1.0 0.713512032249 0.858535362418 0.0706485450277 0.667730525474 0.0 
1.0 0.372390368431 0.268912279651 0.43658646908 0.775310655864 1.0 
1.0 0.0384873331458 0.843515549286 0.237706937773 0.41928766924 1.0 
1.0 0.281641895449 0.531164802598 0.340689684882 0.771430571847 1.0 
1.0 0.857235575363 0.818894131646 0.100583712064 0.643389072261 0.0 
1.0 0.456730055023 0.307314955827 0.402110840675 0.85937968848 1.0 
1.0 0.606184511318 0.336662338586 0.590359058307 0.605999436246 0.0 
1.0 0.822498179117 0.532713557121 0.289236866479 0.960964565318 0.0 
1.0 0.780556577173 0.407432075945 0.324892842527 0.762964983587 0.0 
1.0 0.743778349884 0.5821131762 0.318874792685 0.833041454122 0.0 
1.0 0.787969913968 0.401856709336 0.336851401124 0.795651818107 0.0 
1.0 0.912280322206 0.900814602222 0.0209274775454 0.381425207089 0.0 
1.0 0.233419149197 0.606195766463 0.25704870011 0.678423670404 1.0 
1.0 0.70853615444 0.926210584216 0.074486828785 0.37683333788 0.0 
1.0 0.57075914588 0.863104169551 0.193930256101 0.577429826236 0.0 
1.0 0.266555610843 0.496476667652 0.341133392207 0.826104549133 1.0 
1.0 0.339369289459 0.962910715555 0.360548818575 0.282304481846 0.0 
1.0 0.545298516611 0.393261664303 0.360807288862 0.687716522546 0.0 
1.0 0.498356518039 0.448858172402 0.586628470502 0.80929103358 0.0 
1.0 0.328703603545 0.970420622121 0.349214896504 0.437036834975 0.0 
1.0 0.444465597935 0.432596062818 0.225489435027 0.78636305773 1.0 
1.0 0.461341756269 0.343012269548 0.587291877571 0.530865544614 0.0 
1.0 0.404156660825 0.461786287592 0.318801559437 0.815522336489 1.0 
1.0 0.673178576322 0.853581144035 0.0880694423504 0.659146912536 0.0 
1.0 0.523289992716 0.489352920706 0.265501109268 0.804234521764 1.0 
1.0 0.869949303738 0.817576998058 0.0962629504383 0.621284450385 0.0 
1.0 0.142389430947 0.321253372348 0.676877678937 0.698414213881 1.0 
1.0 0.810188290101 0.393108248175 0.339026859371 0.797063022268 0.0 
1.0 0.250524630595 0.208050979057 0.662075947186 0.865258190349 1.0 
1.0 0.535227051468 0.541927505267 0.260333857454 0.736862253017 0.0 
1.0 0.869740172641 0.837087039331 0.101173885885 0.660792711203 0.0 
1.0 0.45627789917 0.349051626398 0.323527257846 0.822577448012 1.0 
1.0 0.607021035704 0.847620366178 0.145281840308 0.728396846613 0.0 
1.0 0.748674902105 0.342701695435 0.399267667521 0.755675277558 0.0 
1.0 0.561806171531 0.78761220893 0.277274000043 0.72827954936 0.0 
1.0 0.837245527119 0.634843422003 0.137015098973 0.804234521764 0.0 
1.0 0.407264781602 0.601933791586 0.208547181597 0.641743273594 1.0 
1.0 0.63935703005 0.261866363327 0.58902793633 0.728044045573 0.0 
1.0 0.762311691871 0.542159874573 0.311749628449 0.953444811188 0.0 
1.0 0.532599211071 0.520015191939 0.215338919163 0.790596215572 1.0 
1.0 0.249659260541 0.0315139178363 0.795399228897 0.543795520882 1.0 
1.0 0.853730826645 0.776772049827 0.141702026838 0.745445865954 0.0 
1.0 0.612407964289 0.650327225376 0.0530036401232 0.632095801849 1.0 
1.0 0.518957373313 0.519782822632 0.15524586986 0.831395655455 1.0 
1.0 0.604489828296 0.669994424633 0.0251706980852 0.540976749684 1.0 
1.0 0.7801887949 0.881300819092 0.0593878562044 0.456086272584 0.0 
1.0 0.417144423051 0.574835264755 0.529601309583 0.815875137529 0.0 
1.0 0.776972502867 0.370035959244 0.372360910677 0.776721623612 0.0 
1.0 0.477572492771 0.62423525802 0.150782949577 0.576602380498 1.0 
1.0 0.811897395957 0.869375521521 0.0153919055722 0.301117506388 0.0 
1.0 0.803128312745 0.404333818527 0.329765007431 0.845857770261 0.0 
1.0 0.369981755115 0.284860073266 0.469214034937 0.821401747638 1.0 
1.0 0.438555120467 0.616261361213 0.0932000775411 0.657964847195 1.0 
1.0 0.674173751884 0.647696700057 0.252508669524 0.815405039235 0.0 
1.0 0.535583295473 0.762291064072 0.213345682469 0.725928148613 0.0 
1.0 0.499184388724 0.772588653942 0.267346587115 0.716404339089 0.0 
1.0 0.863314799991 0.525744723046 0.23667348741 0.807879829419 0.0 
1.0 0.0486193741932 0.815099888867 0.246012018868 0.484419469525 1.0 
1.0 0.668498366614 0.66860245391 0.0207810110496 0.585304199969 1.0 
1.0 0.806020091008 0.744330151508 0.12306201133 0.759437882466 0.0 
1.0 0.384491126351 0.336583759593 0.495272147673 0.813406439528 1.0 
1.0 0.138495265705 0.316609728079 0.67506838693 0.680778708275 1.0 
1.0 0.655424067383 0.59132936946 0.321459495552 0.769666930358 0.0 
1.0 0.112591855426 0.821524656965 0.239700174467 0.319694117861 1.0 
1.0 0.324859918223 0.25497386313 0.607039007474 0.916291588241 1.0 
1.0 0.849887141322 0.594270468892 0.233609752945 0.927693972376 0.0 
1.0 0.250293865247 0.0479294435485 0.869071876279 0.734510852269 1.0 
1.0 0.581348390772 0.556638615214 0.128636353846 0.831278358202 1.0 
1.0 0.545298516611 0.393261664303 0.360807288862 0.687716522546 0.0 
1.0 0.78328970426 0.851953436334 0.0389040859844 0.410585849769 0.0 
1.0 0.555067823378 0.709253986013 0.273694186572 0.738979059258 0.0 
1.0 0.23233743663 0.0268665317104 0.958252740862 0.567664147958 1.0 
1.0 0.680995752475 0.576073819351 0.358295819243 0.842447966393 0.0 
1.0 0.251757782922 0.586296572085 0.235750748487 0.555325204361 1.0 
1.0 0.263634986911 0.0293436409015 0.790083356667 0.529928985151 1.0 
1.0 0.531231926386 0.892062399204 0.176100114158 0.401884030297 0.0 
1.0 0.252846706906 0.526751282521 0.256014818963 0.750384171236 1.0 
1.0 0.339975048497 0.569181319154 0.192343248541 0.660319885067 1.0 
1.0 0.769205806633 0.570034462501 0.285876752752 0.952617365449 0.0 
1.0 0.543024756795 0.64885667566 0.0386800784027 0.430690053375 1.0 
1.0 0.637200816332 0.473558169035 0.294289960583 0.753558471317 0.0 
1.0 0.362532361234 0.653346903801 0.144209188619 0.423397619502 1.0 
1.0 0.313206268164 0.971816334702 0.256863893855 0.0 0.0 
1.0 0.395185657934 0.432596062818 0.411191763414 0.80270602035 1.0 
1.0 0.4602340826 0.394657376884 0.391664333254 0.884894114224 1.0 
1.0 0.426252442868 0.586603404341 0.552264845887 0.870200132755 0.0 
1.0 0.640330571361 0.744715562757 0.263914101708 0.827515753294 0.0 
1.0 0.720882100542 0.555632055739 0.255535356581 0.858555879866 0.0 
1.0 0.774095147437 0.367248275939 0.414844810132 0.900179128363 0.0 
1.0 0.81494061398 0.938057302795 0.0513408146122 0.382125353483 0.0 
1.0 0.312095709928 0.943943243516 0.318577551856 0.416932631368 0.0 
1.0 0.731014141589 0.842123578562 0.10275917031 0.689360502651 0.0 
1.0 0.471189667482 0.622686129311 0.149710297887 0.571664984497 1.0 
1.0 0.250841932948 0.201701048094 0.76158700756 0.660674504669 1.0 
1.0 0.182989709308 0.297870509304 0.696698042088 0.729219745947 1.0 
1.0 0.774816289149 0.77708262394 0.147974239128 0.765551888122 0.0 
1.0 0.782034917682 0.370574786621 0.401925603636 0.863965192722 0.0 
1.0 0.75753773374 0.348894468413 0.380330411183 0.791300908372 0.0 
1.0 0.227613958419 0.0346870123893 0.778934671635 0.492184729534 1.0 
1.0 0.335496758468 0.48602341654 0.357559178926 0.846563372341 1.0 
1.0 0.827575016767 0.885327056992 0.026131345984 0.436445802304 0.0 
1.0 0.447594631821 0.54548937874 0.157020699162 0.759790683507 1.0 
1.0 0.205258565361 0.209214696517 0.750218622784 0.631632068523 1.0 
1.0 0.430355739206 0.279209869521 0.458401361277 0.850443274503 1.0 
1.0 0.621061664828 0.811459062216 0.240217115041 0.577657146494 0.0 
1.0 0.587067044545 0.539295109019 0.485713054903 0.724281440665 0.0 
1.0 0.612451232792 0.84429011364 0.131548452409 0.717932840503 0.0 
1.0 0.320922484477 0.475881862098 0.395502617012 0.847974576502 1.0 
1.0 0.577363361674 0.72551235374 0.32308355052 0.765904689162 0.0 
1.0 0.70050984719 0.727061482449 0.259152648243 0.641861480128 0.0 
1.0 0.330722800337 0.506232810845 0.288202985332 0.73556925539 1.0 
1.0 0.766811616151 0.628108079791 0.259115600836 0.828574156415 0.0 
1.0 0.276702074725 0.510026679439 0.269746052943 0.781424752448 1.0 
1.0 0.69300997339 0.64684355671 0.254169341116 0.740272056885 0.0 
1.0 0.877153509436 0.835541652479 0.0816076851832 0.636569464524 0.0 
1.0 0.570441843527 0.898644325287 0.163478148491 0.412813588296 0.0 
1.0 0.520344128825 0.809835096372 0.239294376117 0.432808678178 0.0 
1.0 0.191427067333 0.226247628598 0.743170999634 0.645034870928 1.0 
1.0 0.525426735608 0.570498452742 0.166579791931 0.724046846159 1.0 
1.0 0.129913679337 0.763297623547 0.219140586297 0.153441174064 1.0 
1.0 0.316083623593 0.455282940501 0.286505697116 0.792242014239 1.0 
1.0 0.157692058066 0.294461677774 0.700794796132 0.70252961983 1.0 
1.0 0.78173924958 0.905383409355 0.0485019492967 0.325104339998 0.0 
1.0 0.255002920624 0.0451417602443 0.880810735133 0.708879129272 1.0 
1.0 0.88584326706 0.909716479511 0.0503457040084 0.388126608291 0.0 
1.0 0.402750434488 0.856679401453 0.302780709501 0.311346917992 0.0 
1.0 0.481143586526 0.307546950948 0.433411592392 0.917937386908 1.0 
1.0 0.592035710938 0.857996535041 0.137824972538 0.70394082399 0.0 
1.0 0.52763126582 0.860316486247 0.0861481465527 0.336743137201 0.0 
1.0 0.462631157649 0.27959528077 0.433816529175 0.87783809342 1.0 
1.0 0.622525582502 0.598143290664 0.0933853145799 0.766610291243 1.0 
1.0 0.695252724113 0.647000714695 0.260555280333 0.85103157933 0.0 
1.0 0.489942957691 0.508710294222 0.439093630861 0.791300908372 0.0 
1.0 0.737417879988 0.785984501229 0.181566760721 0.541685988889 0.0 
1.0 0.283358212722 0.259389254136 0.690387059254 0.684779544814 1.0 
1.0 0.721978235943 0.725744348861 0.239589463028 0.672195095338 0.0 
1.0 0.217806431142 0.204645889383 0.768565705301 0.639979268392 1.0 
1.0 0.285730768953 0.538133636673 0.344196265104 0.755675277558 1.0 
1.0 0.716100930994 0.532094279824 0.425476554591 0.755086972731 0.0 
1.0 0.317410524342 0.350133023009 0.485454584617 0.764610782254 1.0 
1.0 0.375210032523 0.175298506625 0.625829797316 0.767785991616 1.0 
1.0 0.529441331516 0.782268837443 0.214157709953 0.669721850932 0.0 
1.0 0.487141322141 0.634300852769 0.073638184677 0.487247333533 1.0 
1.0 0.392805890285 0.269454848885 0.433153122106 0.691477308892 1.0 
1.0 0.21371034622 0.624777827253 0.265206022358 0.717814633969 1.0 
1.0 0.730408382551 0.418661388154 0.323820190837 0.805411131418 0.0 
1.0 0.101327621891 0.81943670088 0.233351713443 0.321339916528 1.0 
1.0 0.379039295012 0.211691805708 0.53296142331 0.667139492803 1.0 
1.0 0.529527868521 0.521873398018 0.152148534258 0.821754548678 1.0 
1.0 0.208712834159 0.781883426194 0.224123721111 0.19376778781 1.0 
1.0 0.561508340004 0.374215613272 0.297206366985 0.920519745038 1.0 
1.0 0.69231046593 0.613473677908 0.307467637366 0.813876537822 0.0 
1.0 0.438237096972 0.867519560556 0.302263768928 0.335097338534 0.0 
1.0 0.336225111597 0.461479455335 0.276278889439 0.791889213199 1.0 
1.0 0.135286185088 0.816338443462 0.229623494949 0.368249724942 1.0 
1.0 0.345383611333 0.946884342949 0.339285329657 0.479600280059 0.0 
1.0 0.848827063006 0.5941918899 0.215523294635 0.919346772507 0.0 
1.0 0.647433817219 0.820907250596 0.226707519331 0.571901397565 0.0 
1.0 0.835659015353 0.820982087732 0.121804122601 0.644325631723 0.0 
1.0 0.619713129827 0.657608878678 0.0160165420983 0.436445802304 1.0 
1.0 0.428935090035 0.601701796465 0.118999719991 0.645853223856 1.0 
1.0 0.797842343999 0.414324576141 0.335227346156 0.810584031207 0.0 
1.0 0.749972957186 0.354237839901 0.487225106081 0.793887812906 0.0 
1.0 0.458020177545 0.496631580523 0.21245956017 0.820460641771 1.0 
1.0 0.888280726045 0.520557012801 0.232945484309 0.881247897288 0.0 
1.0 0.552295033497 0.661092547344 0.0240635836905 0.377660783618 1.0 
1.0 0.605636443618 0.635617986357 0.414956813923 0.848797475836 0.0 
1.0 0.363303982866 0.164847500627 0.629780084864 0.767903288869 1.0 
1.0 0.72873533378 0.390709717976 0.448730264717 0.85244187421 0.0 
1.0 0.270911306781 0.666435918832 0.208177999871 0.611527864917 1.0 
1.0 0.707908761151 0.771971247572 0.181747689922 0.784129045164 0.0 
1.0 0.605319141264 0.555014649369 0.126753828591 0.813641034034 1.0 
1.0 0.877795325559 0.839799885499 0.103164107093 0.640097474927 0.0 
1.0 0.480152016673 0.476188694354 0.574557908114 0.822341944225 0.0 
1.0 0.401243248311 0.520711925672 0.177650935878 0.733099648108 1.0 
1.0 0.363130908855 0.263954319412 0.616119930213 0.78636305773 1.0 
1.0 0.750016225689 0.902902558307 0.0670299610141 0.440919464979 0.0 
1.0 0.811681053444 0.410373175377 0.314373101859 0.838568064232 0.0 
1.0 0.645609328689 0.847309792065 0.126973528335 0.708526328232 0.0 
1.0 0.567900540135 0.797520645695 0.255719732052 0.693123107559 0.0 
1.0 0.738831317742 0.730855725228 0.195259224158 0.721577238877 0.0 
1.0 0.438661128298 0.264186314533 0.442492515131 0.807174227338 1.0 
1.0 0.506134824654 0.783817966151 0.26151463588 0.708408121698 0.0 
1.0 0.239253185644 0.586603404341 0.226190751072 0.549087536485 1.0 
1.0 0.845077126106 0.388539441041 0.378042949146 0.911581512498 0.0 
1.0 0.366844788669 0.254352714904 0.466297628535 0.765551888122 1.0 
1.0 0.870713713952 0.82229922132 0.114610032955 0.683242859871 0.0 
1.0 0.143824502953 0.298255920553 0.71208994766 0.741800558299 1.0 
1.0 0.436773900439 0.266124596347 0.47862666121 0.826927448466 1.0 
1.0 0.904059306694 0.573286136046 0.229512740431 0.952617365449 0.0 
1.0 0.322754184425 0.257840125427 0.552596549422 0.841625067059 1.0 
1.0 0.292336427031 0.527061108263 0.247119564047 0.783541194977 1.0 
1.0 0.504373147567 0.494386092267 0.560346350184 0.818462042063 0.0 
1.0 0.54838644542 0.552844372434 0.129816701488 0.776721623612 1.0 
1.0 0.658712473588 0.260549229739 0.592314816809 0.722518344745 0.0 
1.0 0.626289942237 0.628182916927 0.23755960971 0.763905180174 0.0 
1.0 0.190403046103 0.0312819227157 0.902147457299 0.624457841185 1.0 
1.0 0.7946404748 0.932635352315 0.0585392120964 0.382243560017 0.0 
1.0 0.388745862449 0.197367977938 0.6202554548 0.889831510225 1.0 
1.0 0.201782662311 0.0265559575973 0.964856656687 0.522518344745 1.0 
1.0 0.578720550375 0.643438467036 0.0567299200896 0.621639069987 1.0 
1.0 0.790969863488 0.74099989897 0.140887845435 0.771313001809 0.0 
1.0 0.472296620009 0.629889203621 0.148641954035 0.519581367013 1.0 
1.0 0.426302922787 0.584436869263 0.169237728046 0.65173627213 1.0 
1.0 0.936005884516 0.74610753348 0.116122084132 0.744034661793 0.0 
1.0 0.54358292048 0.897948339925 0.180459646326 0.412113441901 0.0 
1.0 0.921431610526 0.7129696498 0.130368104767 0.784129045164 0.0 
1.0 0.479410682993 0.51459503755 0.224861955328 0.73662765851 1.0 
1.0 0.767316415349 0.78219025845 0.171563960626 0.796592014694 0.0 
1.0 0.688762448709 0.771350099346 0.226449135201 0.818109241023 0.0 
1.0 0.505229936035 0.5724329927 0.167023499257 0.708056229939 1.0 
1.0 0.19293425351 0.742470448686 0.252360910677 0.280185857043 1.0 
1.0 0.451088563414 0.873326922285 0.064591724643 0.0950016821699 0.0 
1.0 0.248981387332 0.269454848885 0.681120899477 0.76237667876 1.0 
1.0 0.527217330478 0.701976074568 0.00582850496478 0.196122825682 1.0 
1.0 0.320619604959 0.165543485989 0.64963491072 0.751795375397 1.0 
1.0 0.663068169526 0.284628078145 0.575923492795 0.7460332615 0.0 
1.0 0.54165747211 0.491675865398 0.545841859263 0.810466733953 0.0 
1.0 0.468166641427 0.622607550319 0.156688995628 0.556143557289 1.0 
1.0 0.635816224246 0.274641062388 0.578805436492 0.69559271484 0.0 
1.0 0.554259423519 0.656213166097 0.0349925689793 0.409167371359 1.0 
1.0 0.451088563414 0.873326922285 0.064591724643 0.0950016821699 0.0 
1.0 0.552632527818 0.652961492552 0.0520817627674 0.588950416905 1.0 
1.0 0.490501121375 0.448626177282 0.319688974088 0.890186129827 1.0 
1.0 0.418485746634 0.270614824488 0.435143343313 0.7742524346 1.0 
1.0 0.591401106231 0.849633485128 0.138083442824 0.674777453468 0.0 
1.0 0.819649669357 0.332636100686 0.375716716566 0.724751538958 0.0 
1.0 0.20316004298 0.749980355252 0.234532491869 0.273011629704 1.0 
1.0 0.310105358804 0.942083540695 0.337109871411 0.269956445439 0.0 
1.0 0.427153870007 0.640186793491 0.16975466862 0.599298035044 1.0 
1.0 0.595367385645 0.844600687753 0.134357162858 0.709819325859 0.0 
1.0 0.743677390044 0.774758930877 0.182673875116 0.798591523682 0.0 
1.0 0.50733820104 0.863104169551 0.209949813686 0.598707002373 0.0 
1.0 0.393339535152 0.268137715297 0.477666013311 0.805998526965 1.0 
1.0 0.233274920855 0.21238779107 0.666133930687 0.83645125799 1.0 
1.0 0.772256236073 0.676344355596 0.25180735348 0.807997126672 0.0 
1.0 0.525744759103 0.801393467466 0.270299610141 0.697826818335 0.0 
1.0 0.898607475355 0.895007240493 0.0517845219377 0.440919464979 0.0 
1.0 0.812070469968 0.770422118864 0.17255907123 0.846446075088 0.0 
1.0 0.214481967852 0.60874771279 0.261994529046 0.676896078271 1.0 
1.0 0.807318146089 0.368097677429 0.351062959054 0.775663456905 0.0 
1.0 0.644614153127 0.421213334481 0.348736726474 0.704763723324 0.0 
1.0 0.516194679416 0.63592856047 0.0799491675103 0.518517508206 1.0 
1.0 0.917515811032 0.807047413067 0.112059792793 0.693123107559 0.0 
1.0 0.684413964188 0.278977874401 0.5707583949 0.796004619148 0.0 
1.0 0.44674729031 0.632598307932 0.0979990091972 0.510052101803 1.0 
1.0 0.558668483944 0.521795941582 0.150782949577 0.810113932913 1.0 
1.0 0.47419322271 0.602865513925 0.0992913606307 0.682424506942 1.0 
1.0 0.803012930071 0.717923868182 0.149232127857 0.798708820935 0.0 
1.0 0.417425668318 0.922494920429 0.310900984341 0.384125771752 0.0 
1.0 0.407690255212 0.332868095807 0.50675253624 0.808349927712 1.0 
1.0 0.444850687609 0.577233794954 0.133099274129 0.706292224738 1.0 
1.0 0.760126632485 0.633758283535 0.237485514894 0.762259381507 0.0 
1.0 0.0464559490585 0.756640860328 0.274396364185 0.175545795939 1.0 
1.0 0.508531921338 0.648624680539 0.0378702048377 0.37625139802 1.0 
1.0 0.839949808537 0.362832884934 0.346556960389 0.806351328005 0.0 
1.0 0.457539176023 0.449243583651 0.212865789304 0.766021986415 1.0 
1.0 0.222306355422 0.666125344719 0.212275184699 0.4230429999 1.0 
1.0 0.525051741918 0.593495904538 0.0833092812372 0.716756230848 1.0 
1.0 0.403659073044 0.59558760248 0.207365972387 0.625630813716 1.0 
1.0 0.369541858671 0.95277028367 0.337368341698 0.47936386699 0.0 
1.0 0.682978892182 0.866434422089 0.0878109720637 0.645034870928 0.0 
1.0 0.638462814328 0.800001496743 0.185551510974 0.552970166489 0.0 
1.0 0.385132942475 0.514982170052 0.184923858961 0.728985151441 1.0 
1.0 0.249680894793 0.53255864425 0.328765588989 0.735686552643 1.0 
1.0 0.753686837 0.717613294069 0.119038490534 0.695474508306 0.0 
1.0 0.687111034189 0.478125853611 0.457772416913 0.763200487375 0.0 
1.0 0.340912532722 0.652576081303 0.19769530661 0.663847895469 1.0 
1.0 0.800272591567 0.423383611416 0.325961186379 0.871136692217 0.0 
1.0 0.477803258118 0.527525846876 0.21323497103 0.744504760086 1.0 
1.0 0.286221145317 0.495470108177 0.330574880996 0.847856369968 1.0 
1.0 0.595800070672 0.593881315787 0.090063971396 0.788949507624 1.0 
1.0 0.297708932782 0.160974678855 0.648454563078 0.722518344745 1.0 
1.0 0.342563947241 0.243823129914 0.570607620566 0.861025487147 1.0 
1.0 0.272079556354 0.0386346712966 0.897899928921 0.764376187748 1.0 
1.0 0.57487974962 0.373287632789 0.427725246085 0.750384171236 0.0 
1.0 0.508349010954 0.828417157162 0.249592263123 0.430335433773 0.0 
1.0 0.0640734410719 0.812080210442 0.254280052556 0.480427725797 1.0 
1.0 0.643402635052 0.607819732308 0.335115342365 0.811525137074 0.0 
1.0 0.24658719685 0.664886790123 0.212275184699 0.422224646972 1.0 
1.0 0.584651219811 0.828495736154 0.167389665496 0.627158405848 0.0 
1.0 0.545298516611 0.393261664303 0.360807288862 0.687716522546 0.0 
1.0 0.663717197066 0.257914962563 0.57887866974 0.769902070433 0.0 
1.0 0.573031463413 0.641500185222 0.0339199172895 0.441155878047 1.0 
1.0 0.561238633004 0.529074227213 0.322454606156 0.821283541104 0.0 
1.0 0.478303730466 0.509561940826 0.230324810994 0.769196559281 1.0 
1.0 0.119449913102 0.856679401453 0.209654295992 0.239150004092 1.0 
1.0 0.84316610057 0.334649219636 0.376565360674 0.75438137065 0.0 
1.0 0.873389149702 0.523344696105 0.236452064531 0.887249152095 0.0 
1.0 0.837000338937 0.379633821895 0.351282658798 0.802471425844 0.0 
1.0 0.345001406226 0.166392887479 0.63147737308 0.699119815962 1.0 
1.0 0.558726175281 0.30963864889 0.586852478084 0.516171563145 0.0 
1.0 0.38291903742 0.16802059518 0.560238654231 0.621166243851 1.0 
1.0 0.299908415003 0.581649185959 0.257417451052 0.735099157096 1.0 
1.0 0.299937260671 0.66116738448 0.219583432055 0.671140329342 1.0 
1.0 0.457105769855 0.626016381849 0.072862773817 0.491239077262 1.0 
1.0 0.720002307653 0.792645006305 0.185625175006 0.696885712467 0.0 
1.0 0.38099358905 0.273555923921 0.59290499063 0.806351328005 1.0 
1.0 0.581261853767 0.856215411211 0.200980463954 0.621520863453 0.0 
1.0 0.518168444281 0.474639565645 0.27096301721 0.821636342144 1.0 
1.0 0.590276125161 0.375375588875 0.467994916751 0.719461341917 0.0 
1.0 0.569546185521 0.515679045976 0.512214874965 0.728985151441 0.0 
1.0 0.732023739985 0.631823743578 0.262548517027 0.816698036862 0.0 
1.0 0.237385428611 0.0117681395862 0.985603205032 0.524755176082 1.0 
1.0 0.710115454788 0.536972164327 0.285545049217 0.887594678887 0.0 
1.0 0.328739660631 0.236623797461 0.524802377927 0.718637533302 1.0 
1.0 0.620989550657 0.752846617549 0.219841902341 0.558143975559 0.0 
1.0 0.766220279947 0.373287632789 0.3758674909 0.765904689162 0.0 
1.0 0.661185989659 0.772745811927 0.247008852607 0.575192994899 0.0 
1.0 0.786080522684 0.544715188571 0.275245008293 0.931922129172 0.0 
1.0 0.443070188723 0.347502497689 0.322527839404 0.823400347345 1.0 
1.0 0.354707973664 0.559579714646 0.203785728132 0.703469816416 1.0 
1.0 0.005927784869 0.851878599198 0.237116333168 0.36154832374 1.0 
1.0 0.390692945071 0.277971314926 0.42835419045 0.792712112533 1.0 
1.0 0.173672558394 0.0382492600478 0.947840696147 0.484774089128 1.0 
1.0 0.274870374777 0.245450837615 0.729291145239 0.691241805105 1.0 
1.0 0.812373349487 0.557723753681 0.258820083141 0.864669885522 0.0 
1.0 0.44907729918 0.300658192608 0.416912572426 0.806468625258 1.0 
1.0 0.718646561236 0.741617305339 0.222905636806 0.723928639625 0.0 
1.0 0.913636068624 0.892762126422 0.0427768324466 0.430453640307 0.0 
1.0 0.701093971976 0.632673145068 0.242394727206 0.830454549588 0.0 
1.0 0.847593910679 0.593031914297 0.216076851832 0.889831510225 0.0 
1.0 0.803301386756 0.532945926428 0.299532599565 0.860555388854 0.0 
1.0 0.747968183228 0.549515616639 0.295806319599 0.813053638488 0.0 
1.0 0.223626044754 0.0334484577937 0.790307364249 0.476072269656 1.0 
1.0 0.690507611651 0.624388674148 0.192306201133 0.766139283668 0.0 
1.0 0.57532253063 0.847852361299 0.155211407155 0.62634005292 0.0 
1.0 0.414086782194 0.899576047626 0.100506170978 0.244087400093 0.0 
1.0 0.364465021021 0.55276766437 0.215412583195 0.713581930767 1.0 
1.0 0.690485977399 0.797056655454 0.209654295992 0.536512179819 0.0 
1.0 0.40754602687 0.463803148398 0.327033838068 0.775310655864 1.0 
1.0 0.822858749973 0.877274581193 0.0571003941672 0.489711485129 0.0 
1.0 0.667142620196 0.794347551142 0.170491308937 0.477017921929 0.0 
1.0 0.218130944912 0.20433531527 0.764244943675 0.64656246306 1.0 
1.0 0.209073405015 0.619202460645 0.257122364142 0.711817925566 1.0 
1.0 0.574687204783 0.868294124911 0.199171602731 0.62516708039 0.0 
1.0 0.487786022831 0.821756652086 0.0927175996726 0.547441737818 0.0 
1.0 0.277971284137 0.231901574199 0.738962241799 0.724634241705 1.0 
1.0 0.71036064297 0.938367876908 0.0838606845155 0.375423952281 0.0 
1.0 0.792534741002 0.374215613272 0.351911603162 0.779073169845 0.0 
1.0 0.694012360369 0.88037283861 0.0909470782088 0.504878292734 0.0 
1.0 0.82254144762 0.399226184017 0.330057940423 0.848679269302 0.0 
1.0 0.209217633357 0.644909016752 0.2071075021 0.423752239105 1.0 
1.0 0.791835233542 0.550135268123 0.261551683288 0.838802658738 0.0 
1.0 0.580793111654 0.549128708648 0.126456587761 0.816110641316 1.0 
1.0 0.800041826219 0.509175032835 0.24726689211 0.823870445639 0.0 
1.0 0.758568966388 0.509639397262 0.336704934629 1.0 0.0 
1.0 0.52533082376 0.536817251457 0.144135955371 0.81728634169 1.0 
1.0 0.506673950198 0.880140843489 0.234348116398 0.630568209717 0.0 
1.0 0.7938400075 0.662099106819 0.258118767097 0.807879829419 0.0 
1.0 0.351534950133 0.520015191939 0.182635104573 0.698884312174 1.0 
1.0 0.387361270363 0.437164869952 0.295952786094 0.8419778681 1.0 
1.0 0.439863992673 0.516840488387 0.21729510845 0.805998526965 1.0 
1.0 0.0708377503263 0.863182748543 0.208916363323 0.198114151141 1.0 
1.0 0.648977060482 0.32396247666 0.598737803433 0.647271702265 0.0 
1.0 0.75063640756 0.321331951341 0.386826631055 0.673368067869 0.0 
1.0 0.409327246897 0.522260680195 0.266719365886 0.920992571174 1.0 
1.0 0.566504409782 0.857996535041 0.135132573718 0.39706484083 0.0 
1.0 0.293858036043 0.0181929076847 0.80809873565 0.538394391555 1.0 
1.0 0.659700437733 0.79992291775 0.207144549508 0.609409240114 0.0 
1.0 0.547712899062 0.38583033673 0.301156654533 0.877365267283 1.0 
1.0 0.204299446884 0.692295891067 0.206553944903 0.302999718123 1.0 
1.0 0.464864533529 0.608208885413 0.10419798824 0.69559271484 1.0 
1.0 0.569999062516 0.616261361213 0.412557348095 0.82704474572 0.0 
1.0 0.871665621011 0.66116738448 0.166097314063 0.855734380825 0.0 
1.0 0.51657976909 0.523731604097 0.207328924979 0.865493694136 1.0 
1.0 0.754797395236 0.509871766568 0.262326663364 0.80376442347 0.0 
1.0 0.248829947573 0.282308126939 0.668791866802 0.672313301872 1.0 
1.0 0.487787465115 0.821756652086 0.0927175996726 0.547441737818 0.0 
1.0 0.47533911689 0.464188559647 0.53296142331 0.740624857925 0.0 
1.0 0.495766898153 0.800776061097 0.279673465871 0.447739072715 0.0 
1.0 0.435360462685 0.51854393127 0.217110732979 0.818814843104 1.0 
1.0 0.792203015815 0.608979707911 0.293260387275 0.85937968848 0.0 
1.0 0.571615862233 0.761980489959 0.251770306072 0.737097756804 0.0 
1.0 0.596384195458 0.666200181854 0.0276821677041 0.421515407767 1.0 
1.0 0.553739480345 0.710028550367 0.00302410235423 0.220691599153 1.0 
1.0 0.779236887841 0.619434455766 0.256199625218 0.808349927712 0.0 
1.0 0.94714752396 0.626401793098 0.170564542185 0.909581094229 0.0 
1.0 0.548983550758 0.514441696259 0.281224287591 0.726160924557 0.0 
1.0 0.67105841969 0.347502497689 0.385202576087 0.721577238877 0.0 
1.0 0.235625842834 0.609522277144 0.263618584014 0.749090264328 1.0 
1.0 0.391183321434 0.556253203965 0.212422943546 0.722752939251 1.0 
1.0 0.444494443603 0.637241952202 0.0692829603464 0.477718068323 1.0 
1.0 0.743590853039 0.643281309051 0.236636440003 0.771195431772 0.0 
1.0 0.271459374482 0.582809161562 0.2354922782 0.559671567691 1.0 
1.0 0.490809048886 0.864189308018 0.31950373705 0.379070169217 0.0 
1.0 0.394752972907 0.244287120155 0.510039416719 0.765669185375 1.0 
1.0 0.696082037081 0.815021309874 0.217553578737 0.617165407312 0.0 
1.0 0.478409738298 0.535655779111 0.205003553966 0.837156860071 1.0 
1.0 0.844529058405 0.5643805169 0.230103345036 0.950853360248 0.0 
1.0 0.321203729745 0.660007408876 0.213345682469 0.660910917737 1.0 
1.0 0.863660948013 0.605574618237 0.220137420036 0.924984314902 0.0 
1.0 0.451974846577 0.445142508616 0.33120382536 0.880193131291 1.0 
1.0 0.19876107854 0.834303097883 0.362948284403 0.693946006892 0.0 
1.0 0.837447446798 0.785135099739 0.0864453873823 0.641388653991 0.0 
1.0 0.824683238503 0.528764775657 0.315665453292 0.886421706357 0.0 
1.0 0.726579120063 0.418350814041 0.327585241347 0.804822826591 0.0 
1.0 0.713800488934 0.774216361643 0.193524457751 0.821283541104 0.0 
1.0 0.433615299743 0.276343607225 0.465746225257 0.84997317621 1.0 
1.0 0.429713923083 0.503677496847 0.282921575807 0.814816734408 1.0 
1.0 0.0373984091614 0.874640314017 0.216778167876 0.144030115388 1.0 
1.0 0.768001499975 0.771971247572 0.177650935878 0.802941524137 0.0 
1.0 0.506760559318 0.477041837701 0.18721261335 0.836333960737 1.0 
1.0 0.358169453879 0.563141962305 0.200057725031 0.662320303336 1.0 
1.0 0.381282045735 0.512349586712 0.195074417903 0.7435645635 1.0 
1.0 0.0607057092789 0.840185296748 0.228110125573 0.440564845377 1.0 
1.0 0.576150401315 0.49399881009 0.537463114136 0.715816034262 0.0 
1.0 0.39801974486 0.272938517551 0.475710254809 0.856674577412 1.0 
1.0 0.611520959984 0.540379124929 0.140409675404 0.870663866081 1.0 
1.0 0.674678551082 0.91444244463 0.0757016391324 0.343799158006 0.0 
1.0 0.363852050566 0.159889540388 0.644801516359 0.765551888122 1.0 
1.0 0.563914789895 0.739061617156 0.279156525298 0.745210362167 0.0 
1.0 0.847291031161 0.825782889986 0.117414435566 0.641743273594 0.0 
1.0 0.718141762038 0.920635217608 0.0836754474767 0.402465970157 0.0 
1.0 0.769443783398 0.552148387073 0.257380834428 0.834922756576 0.0 
1.0 0.184915157678 0.791174456589 0.214268421393 0.161197341262 1.0 
1.0 0.496219054006 0.273555923921 0.587735584897 0.638915409586 0.0 
1.0 0.0208770525496 0.845296673115 0.225046503112 0.438564427107 1.0 
1.0 0.471054813981 0.506542262401 0.228589958429 0.846680669595 1.0 
1.0 0.221556368042 0.65311490868 0.20186615547 0.41234985497 1.0 
1.0 0.53107760206 0.481764809334 0.576147500377 0.840213862899 0.0 
1.0 0.541994245289 0.641114773973 0.0335882137549 0.409640197496 1.0 
1.0 0.603487441317 0.554008089894 0.471393801021 0.739684661338 0.0 
1.0 0.808298898817 0.498722155908 0.237817649213 0.802588723097 0.0 
1.0 0.531575189841 0.348662473292 0.424662373188 0.687361902943 0.0 
1.0 0.132488155247 0.786991060704 0.230767742908 0.113460087109 1.0 
1.0 0.457442543034 0.389003431283 0.40524694682 0.914054756904 1.0 
1.0 0.636739285637 0.694230431024 0.00645744932905 0.483010083927 1.0 
1.0 0.797207739293 0.895082077629 0.0581342753139 0.406939632832 0.0 
1.0 0.315658149983 0.0359255669848 0.77347233291 0.603762604908 1.0 
1.0 0.45766393354 0.837786766549 0.307062700584 0.383652945616 0.0 
1.0 0.320972964397 0.511420521091 0.282848342559 0.871964137956 1.0 
1.0 0.804923955607 0.410762328483 0.316919034183 0.838568064232 0.0 
1.0 0.227354347403 0.222299969691 0.650780795658 0.820460641771 1.0 
1.0 0.757285334141 0.931164802598 0.046619424042 0.31416568919 0.0 
1.0 0.757804556173 0.556949189327 0.302780709501 0.899006155833 0.0 
1.0 0.791200628836 0.568174759679 0.305585112111 0.858908680906 0.0 
1.0 0.73778566226 0.387611460559 0.347224675297 0.758849577639 0.0 
1.0 0.495805118664 0.736041938731 0.249186464773 0.713581930767 0.0 
1.0 0.32106671282 0.500735274858 0.267974239128 0.816345235822 1.0 
1.0 0.698670935826 0.335191788869 0.501475434553 0.777544668431 0.0 
1.0 0.621768383705 0.339218026769 0.568837099102 0.63645125799 0.0 
1.0 0.13868276255 0.764150766894 0.225563271372 0.184365821945 1.0 
1.0 0.368013038242 0.574139279393 0.229697331294 0.675250279604 1.0 
1.0 0.797842343999 0.433370627173 0.33389622418 0.881011484219 0.0 
1.0 0.425689952333 0.583198314668 0.525577788787 0.841036762232 0.0 
1.0 0.428350965248 0.296863949829 0.424330669653 0.839743764605 1.0 
1.0 0.813642558899 0.422377051941 0.296986667241 0.84233066914 0.0 
1.0 0.290043196389 0.49020456731 0.344269498352 0.855264282532 1.0 
1.0 0.308720766718 0.122104270581 0.616451633748 0.599534448112 1.0 
1.0 0.344734583793 0.337900893181 0.501216964266 0.78742100621 1.0 
1.0 0.5839300781 0.559736872631 0.113942318048 0.787303708957 1.0 
1.0 0.653166893826 0.584515448256 0.362875051156 0.816227938569 0.0 
1.0 0.301451658265 0.684475410388 0.202678182954 0.389654200424 1.0 
1.0 0.752670027187 0.55834116005 0.319908673832 0.966965820126 0.0 
1.0 0.415197340429 0.637784521435 0.151592823142 0.480773252589 1.0 
1.0 0.780361868911 0.611767391215 0.284140693993 0.828691453668 0.0 
1.0 0.452099604093 0.236702376453 0.507381480604 0.810113932913 1.0 
1.0 0.357181489735 0.497250857821 0.301122191828 0.935804759177 1.0 
1.0 0.322934469853 0.451567276714 0.292446205872 0.807056930085 1.0 
1.0 0.543650707801 0.722182101202 0.304331531221 0.734393555016 0.0 
1.0 0.785445917977 0.881843388326 0.0489068860792 0.371895941879 0.0 
1.0 0.262048475146 0.697175272314 0.194594524738 0.334742718932 1.0 
1.0 0.596600537972 0.661013968351 0.0197471299029 0.41293179483 1.0 
1.0 0.306535707332 0.581727764952 0.519598509488 0.740977658965 0.0 
1.0 0.241294016687 0.00356224765853 0.98501303121 0.539212744483 1.0 
1.0 0.692151814753 0.641114773973 0.315256208672 0.80164852651 0.0 
1.0 0.735405894612 0.623539272658 0.253431408448 0.849854969675 0.0 
1.0 0.342982209434 0.311498351712 0.477739246559 0.857498386026 1.0 
1.0 0.322862355682 0.298719910794 0.486712473345 0.781542322486 1.0 
1.0 0.730913181749 0.406193521349 0.323488487303 0.797533120562 0.0 
1.0 0.380214756002 0.643823878285 0.175402244384 0.560962746756 1.0 
1.0 0.565782546928 0.621911564957 0.414844810132 0.831983051002 0.0 
1.0 0.792397724077 0.771739252452 0.161190686454 0.726515544159 0.0 
1.0 0.535224166901 0.541929376195 0.260335580589 0.736863162298 0.0 
1.0 0.40379608997 0.63855908579 0.142843603937 0.464551678987 1.0 
1.0 0.443243262734 0.627718926686 0.0723458332436 0.463960646317 1.0 
1.0 0.418240558452 0.451103286473 0.205077648782 0.758143975559 1.0 
1.0 0.487787465115 0.821756652086 0.0927175996726 0.547441737818 0.0 
1.0 0.37349371525 0.483623389598 0.337036638163 0.786127917656 1.0 
1.0 0.291052794785 0.0574524690642 0.742727292308 0.580839630104 1.0 
1.0 0.0508909705846 0.862793595438 0.228331574299 0.160378988334 1.0 
1.0 0.083674072792 0.8019360367 0.251659594632 0.512170726606 1.0 
1.0 0.377481628915 0.185596096495 0.602869020182 0.757556580012 1.0 
1.0 0.653166893826 0.531706997646 0.425291317552 0.748620166035 0.0 
1.0 0.44198198588 0.440109711241 0.219288345144 0.783306054902 1.0 
1.0 0.572386041581 0.693998435904 0.0190837228337 0.268901679442 1.0 
1.0 0.665628222602 0.617731910929 0.284916104853 0.76061358284 0.0 
1.0 0.347936452992 0.570266457622 0.196403385961 0.670667503205 1.0 
1.0 0.507742523563 0.520557012801 0.219251297736 0.778014984951 1.0 
1.0 0.691747975395 0.330080412502 0.502250845413 0.739449157551 0.0 
1.0 0.531712927907 0.686488529338 0.316328860361 0.760025278013 0.0 
1.0 0.788806438353 0.336119769352 0.373984965645 0.728396846613 0.0 
1.0 0.332244409349 0.169259149775 0.615086049066 0.731806650481 1.0 
1.0 0.210407517181 0.657219725572 0.199577831865 0.397173954554 1.0 
1.0 0.357138221232 0.92048180148 0.329394533353 0.466315684189 0.0 
1.0 0.715307675111 0.36345403316 0.383914532492 0.747679969448 0.0 
1.0 0.780412348831 0.391480540474 0.341835569819 0.783306054902 0.0 
1.0 0.799508181353 0.933488495661 0.0399724298361 0.346263309601 0.0 
1.0 0.603271098804 0.638716243774 0.237891744028 0.766374787456 0.0 
1.0 0.365590002091 0.623228698545 0.128265879768 0.561553779427 1.0 
1.0 0.925138278923 0.810609660726 0.114868503242 0.732982350855 0.0 
1.0 1.0 0.710645956737 0.118189846426 0.826927448466 0.0 
1.0 0.800272591567 0.53039061243 0.290451676826 0.836686761777 0.0 
1.0 0.791186206001 0.406272100342 0.323044779977 0.805292924884 0.0 
1.0 0.26408930619 0.488888556279 0.336812630581 0.842565263646 1.0 
1.0 0.721084020221 0.34347625979 0.482172011976 0.829278849214 0.0 
1.0 0.599751927251 0.845296673115 0.161707627027 0.613992016513 0.0 
1.0 0.741643770417 0.748356389408 0.232982531716 0.645735017322 0.0 
1.0 0.738968334667 0.840495870861 0.102647166519 0.706174927485 0.0 
1.0 0.786628590384 0.416648269204 0.310608051349 0.786950907917 0.0 
1.0 0.0633811450288 0.841270435215 0.218402653628 0.446793420442 1.0 
1.0 0.263483547152 0.207976141921 0.672780924893 0.866551187976 1.0 
1.0 0.337436629672 0.511420521091 0.311012988132 0.880547750893 1.0 
1.0 0.771643265618 0.728146620916 0.153807051931 0.755675277558 0.0 
1.0 0.76353763278 0.86604901084 0.0538910547742 0.417523664039 0.0 
1.0 0.359676640057 0.108708423294 0.636642470976 0.648917500932 1.0 
1.0 0.515790840058 0.589237671517 0.0826803368729 0.717932840503 1.0 
1.0 0.512344143248 0.625009822374 0.0749305361105 0.534157141948 1.0 
1.0 0.799212513251 0.534649219636 0.271996898357 0.87783809342 0.0 
1.0 0.835572478348 0.823227201802 0.123613414608 0.632923247588 0.0 
1.0 0.498731511729 0.901589166576 0.0678053718741 0.220928012221 0.0 
1.0 0.692808053711 0.838404172919 0.0987356495143 0.658319466798 0.0 
1.0 0.384512760603 0.186449239842 0.571202102225 0.73592205643 1.0 
1.0 0.596261601367 0.548896339342 0.475710254809 0.766727588496 0.0 
1.0 0.693154201732 0.350443597122 0.485566588408 0.784364185239 0.0 
1.0 0.741845690097 0.763454781532 0.200389859349 0.856321776371 0.0 
1.0 0.387858858144 0.638405669661 0.129924397441 0.575192994899 1.0 
1.0 0.481856074537 0.348894468413 0.318469855903 0.863024086855 1.0 
1.0 0.601936986637 0.509561940826 0.507342710061 0.708760922738 0.0 
1.0 0.711637063799 0.867130407451 0.0854115062356 0.681715267738 0.0 
1.0 0.472440848351 0.621832985964 0.0707562409805 0.495358120334 1.0 
1.0 0.729023790465 0.350290180994 0.392439744114 0.702999718123 0.0 
1.0 0.340948589807 0.489740202883 0.313153983673 0.736509451976 1.0 
1.0 0.550369585127 0.793262412674 0.2809313546 0.508169890068 0.0 
1.0 0.758828577404 0.87835971966 0.0659960798673 0.464669885522 0.0 
1.0 0.788856918273 0.792877001426 0.149120124066 0.790007910745 0.0 
1.0 0.720564798188 0.599535261387 0.285691515713 0.773899724488 0.0 
1.0 0.544478578485 0.533255377984 0.14240420445 0.829749856788 1.0 
1.0 0.456951445529 0.841813004449 0.323415254055 0.359320585213 0.0 
1.0 0.601295170514 0.675726949227 0.0189717190428 0.513461905671 1.0 
1.0 0.418637186393 0.452109845948 0.336187994055 0.824223246679 1.0 
1.0 0.0335186667532 0.76987954963 0.264541322937 0.0921829109723 1.0 
1.0 0.639905097751 0.753621181903 0.226153832899 0.78177746256 0.0 
1.0 0.535224166901 0.541929376195 0.260335580589 0.736863162298 0.0 
1.0 0.437024136613 0.619977024999 0.174553600276 0.634805459323 1.0 
1.0 0.519631640814 0.389703158501 0.286945096603 0.9006519545 1.0 
1.0 0.454237068126 0.50305821955 0.209285545049 0.798473317148 1.0 
1.0 0.306578975835 0.301586173091 0.484162233183 0.81904943761 1.0 
1.0 0.402346595129 0.456600074089 0.332642643289 0.822577448012 1.0 
1.0 0.293035934491 0.603097509046 0.250404721391 0.740743064459 1.0 
1.0 0.581644058874 0.773595213417 0.141292782217 0.530629131546 0.0 
1.0 0.649517916766 0.774990925997 0.252582333556 0.837626958364 0.0 
1.0 0.29901419928 0.0655797819994 0.740991233549 0.526746501541 1.0 
1.0 0.593009252248 0.829113142524 0.139117323971 0.695122616547 0.0 
1.0 0.531575189841 0.348662473292 0.424662373188 0.687361902943 0.0 
1.0 0.356669479119 0.249477075514 0.512843819329 0.746621566328 1.0 
1.0 0.291492691229 0.172742818441 0.64026105499 0.71087772898 1.0 
1.0 0.897403168697 0.631513169465 0.178021409955 0.919583185575 0.0 
1.0 0.842726204126 0.389160589268 0.339617033192 0.827515753294 0.0 
1.0 0.333931880954 0.173517382796 0.630258254895 0.717932840503 1.0 
1.0 0.78651320771 0.654046631019 0.258045103065 0.80929103358 0.0 
1.0 0.789816036749 0.742313290701 0.122028130183 0.715227729434 0.0 
1.0 0.659851877492 0.769647554509 0.220358842915 0.821871845931 0.0 
1.0 0.641484398099 0.745336710983 0.271553191031 0.591769188103 0.0 
1.0 0.803777340285 0.335502362983 0.371990436599 0.732512252562 0.0 
1.0 0.779929183884 0.785056520747 0.155284640403 0.691124507852 0.0 
1.0 0.680368359186 0.881996804454 0.0969263575075 0.52063613301 0.0 
1.0 0.61525647405 0.643670462157 0.0540719839748 0.647617229057 1.0 
1.0 0.612249313113 0.332789516814 0.587110948371 0.585540613037 0.0 
1.0 0.323756571404 0.239875471006 0.526055958817 0.716521636342 1.0 
1.0 0.801448052557 0.801240051338 0.138010209576 0.670903916273 0.0 
1.0 0.471815618487 0.581727764952 0.130923815883 0.715345935968 1.0 
1.0 0.179492172007 0.0444420330256 0.892920068064 0.641034034389 1.0 
1.0 0.0218794395287 0.776846886962 0.25693798867 0.0872455149713 1.0 
1.0 0.863098457478 0.721022125599 0.120994249036 0.731218345654 0.0 
1.0 0.158615119457 0.328531283794 0.675955801581 0.728985151441 1.0 
1.0 0.489990553044 0.587841958937 0.121325952571 0.704058121244 1.0 
1.0 0.36776785006 0.52946150939 0.172154134448 0.702294116042 1.0 
1.0 0.780650325595 0.891523571827 0.0602752708553 0.437509661111 0.0 
1.0 0.670120935465 0.649167249773 0.24291166778 0.80305882139 0.0 
1.0 0.808962349191 0.899340310649 0.0616408555366 0.385771570419 0.0 
1.0 0.931736725584 0.737669646432 0.104753699356 0.721930039917 0.0 
1.0 0.588357888209 0.839025321145 0.186252827019 0.612582630914 0.0 
1.0 0.330405497984 0.99171552908 0.267235875676 0.0824172326941 0.0 
1.0 0.516262466737 0.65512802763 0.0365390828613 0.379542995354 1.0 
1.0 0.867338770742 0.827874587928 0.118189846426 0.660674504669 0.0 
1.0 0.327975250416 0.64800727417 0.168608783682 0.518281095138 1.0 
1.0 0.806568158709 0.377699281938 0.392624981153 0.925457141039 0.0 
1.0 0.863805176355 0.79992291775 0.126788291296 0.699708120789 0.0 
1.0 0.69938486612 0.915912994346 0.0851918064919 0.40658501323 0.0 
1.0 0.666111387549 0.566936205084 0.277610011416 0.855264282532 0.0 
1.0 0.419538613533 0.580796042612 0.163956318522 0.648326468262 1.0 
1.0 0.817197787537 0.858924515523 0.0292674521291 0.383889358684 0.0 
1.0 0.350611888742 0.641810759335 0.174919766515 0.535211907944 1.0 
1.0 0.316884090893 0.89469666638 0.170379305146 0.279831237441 0.0 
1.0 0.363729456475 0.268137715297 0.435587050639 0.739096356511 1.0 
1.0 0.808810909432 0.640108214498 0.16635578435 0.832218554789 0.0 
1.0 0.52401185557 0.495857016169 0.210318995412 0.886539912891 1.0 
1.0 0.876547750398 0.496708662773 0.254796993129 0.87901106595 0.0 
1.0 0.769003886954 0.839642727514 0.106782691106 0.73662765851 0.0 
1.0 0.46891807109 0.789546748888 0.247783832684 0.645034870928 0.0 
1.0 0.554201011041 0.781108861839 0.242763908932 0.739684661338 0.0 
1.0 0.81414014668 0.570809026855 0.206886079221 0.863965192722 0.0 
1.0 0.219198234645 0.01029758987 0.989221789045 0.475372123262 1.0 
1.0 0.700517058607 0.630042619749 0.243723695264 0.830572756122 0.0 
1.0 0.34469131529 0.968796656277 0.240143020225 0.0718422942979 0.0 
1.0 0.549272728584 0.893690106905 0.154840933078 0.377897196687 0.0 
1.0 0.755273348766 0.749748360131 0.14365778534 0.744387462833 0.0 
1.0 0.374863884502 0.19179261133 0.558541366015 0.716638933595 1.0 
1.0 0.539655582719 0.625705807736 0.413922932776 0.84233066914 0.0 
1.0 0.848077075626 0.890127859246 0.0576173347406 0.426452803768 0.0 
1.0 0.840714218751 0.896245795088 0.0459904796778 0.374960218955 0.0 
1.0 0.79426548111 0.554161506023 0.260444568893 0.86831792102 0.0 
1.0 0.685762499189 0.567478774317 0.301488358068 0.814934940942 0.0 
1.0 0.899992067441 0.869607516642 0.0148361944558 0.420815261373 0.0 
1.0 0.295112822621 0.205805864986 0.669898981196 0.883011902489 1.0 
1.0 0.407372952859 0.573982121408 0.552450082926 0.848561972049 0.0 
1.0 0.555568295726 0.876810590951 0.215301871756 0.625985433318 0.0 
1.0 0.642429093741 0.806347685849 0.217442867297 0.507815270466 0.0 
1.0 0.581997418313 0.880836828851 0.168755250178 0.614937668785 0.0 
1.0 0.383229128356 0.259389254136 0.613242294355 0.839155459778 1.0 
1.0 0.432829255277 0.867055570315 0.2647631766 0.292297480382 0.0 
1.0 0.439036121988 0.58954824563 0.127934176234 0.668548878402 1.0 
1.0 0.518495842618 0.812697616811 0.273991427402 0.473489911527 0.0 
1.0 0.522962594379 0.498102504425 0.560570357766 0.859967084027 0.0 
1.0 0.511583627199 0.779249159018 0.139229327762 0.490775343936 0.0 
1.0 0.325054626485 0.486410698717 0.37246860663 0.777427098393 1.0 
1.0 0.615169937044 0.65110178973 0.370219915136 0.821754548678 0.0 
1.0 0.587521363823 0.793883560901 0.245421414263 0.501468488866 0.0 
1.0 0.645984322379 0.742934438927 0.237928360652 0.594360639043 0.0 
1.0 0.158860307639 0.765157326368 0.217258061042 0.179192012875 1.0 
1.0 0.561026617341 0.696943277193 0.0210007107933 0.262082071706 1.0 
1.0 0.855944731699 0.630196035877 0.257270122989 0.85067877829 0.0 
1.0 0.438661128298 0.518776225739 0.495681392293 0.642443419988 0.0 
1.0 0.889088404762 0.637241952202 0.168608783682 0.883366522091 0.0 
1.0 0.626621667424 0.533410290855 0.432119240959 0.888658537694 0.0 
1.0 0.155478153012 0.77932773801 0.220284748099 0.144502941524 1.0 
1.0 0.762686685561 0.865659857735 0.0712731815538 0.663966102003 0.0 
1.0 0.516723997433 0.851568025085 0.187434036229 0.556025350755 0.0 
1.0 0.21783527681 0.0363895572261 0.900596635578 0.690301608518 1.0 
1.0 0.531578074407 0.348662473292 0.424662373188 0.687361902943 0.0 
1.0 0.545190345355 0.525047989313 0.191494173649 0.864669885522 1.0 
1.0 0.756376695584 0.625784386728 0.271962435652 0.826927448466 0.0 
1.0 0.358133396794 0.920324643495 0.341611562237 0.337452376406 0.0 
1.0 0.8104406897 0.543243890483 0.26358196739 0.845740473008 0.0 
1.0 0.355969971659 0.559579714646 0.204745514464 0.702059521536 1.0 
1.0 0.576795102005 0.6078983113 0.419751437741 0.796944815734 0.0 
1.0 0.761597761576 0.752304048315 0.151075882568 0.775428225902 0.0 
1.0 0.669580079181 0.360355775743 0.453158722295 0.740743064459 0.0 
1.0 0.680563067448 0.871156645351 0.090800611713 0.503705320203 0.0 
1.0 0.573686260087 0.640261630626 0.0530036401232 0.625048873855 1.0 
1.0 0.79556353619 0.414092581021 0.330872121826 0.855734380825 0.0 
1.0 0.330282903893 0.618813307539 0.200759041075 0.51746274221 1.0 
1.0 0.626160136728 0.674409815639 0.0165334826717 0.535211907944 1.0 
1.0 0.333333333333 0.506232810845 0.257934391626 0.815287741982 1.0 
1.0 0.670279586642 0.888193319289 0.0909470782088 0.504996499268 0.0 
1.0 0.659000930273 0.608051727428 0.311198225171 0.773547014376 0.0 
1.0 0.384779583036 0.639180234016 0.129372994163 0.577429826236 1.0 
1.0 0.225349573445 0.615097643753 0.261699442135 0.706174927485 1.0 
1.0 0.70168530818 0.740610745864 0.207624442673 0.714287532848 0.0 
1.0 0.37381822902 0.810452502741 0.15602128072 0.610109386508 0.0 
1.0 0.680966906807 0.865581278742 0.0831240441984 0.47242605272 0.0 
1.0 0.378851798167 0.277814156941 0.469618971719 0.815992434782 1.0 
1.0 0.734107839532 0.361594330339 0.42458913994 0.867256790056 0.0 
1.0 0.777830661503 0.545102096562 0.269007689491 0.86889986088 0.0 
1.0 0.264139786109 0.0 1.0 0.592478427308 1.0 
1.0 0.499386308403 0.537978723802 0.211093975488 0.771900942924 1.0 
1.0 0.778768145728 0.312426332195 0.392512977362 0.663375069333 0.0 
1.0 0.381786844933 0.297481356199 0.480582419713 0.887476472353 1.0 
1.0 0.166511621199 0.284164087904 0.71829323454 0.679605735745 1.0 
1.0 0.853449581377 0.579246913904 0.225489435027 0.912990898097 0.0 
1.0 0.926602196598 0.702825476058 0.131289982122 0.817169044437 0.0 
1.0 0.635823435663 0.486565611588 0.468326620286 0.895832765033 0.0 
1.0 0.783405086934 0.524041429838 0.314446335107 0.964256162652 0.0 
1.0 0.504373147567 0.455361519493 0.592831757383 0.845975067514 0.0 
1.0 0.757105048713 0.871699214584 0.0549206280828 0.450439637379 0.0 
1.0 0.602903316531 0.586528567206 0.085079802701 0.783188393937 1.0 
1.0 0.374034571534 0.156020460473 0.562711353307 0.688420306064 1.0 
1.0 0.250091945568 0.662948508309 0.224308268895 0.58447675423 1.0 
1.0 0.655099553613 0.561903407709 0.409382471407 0.859496985733 0.0 
1.0 0.632715314887 0.502361111631 0.408236586469 0.687127308437 0.0 
1.0 0.698324787804 0.799226932388 0.215412583195 0.625630813716 0.0 
1.0 0.374798981748 0.562292560815 0.239441704181 0.679723942279 1.0 
1.0 0.57487974962 0.373287632789 0.427725246085 0.750384171236 0.0 
1.0 0.59180494559 0.657915710934 0.0148749649988 0.405293834165 1.0 
1.0 0.0548500385811 0.764768173263 0.250367673983 0.139801958591 1.0 
1.0 0.745840815179 0.780334297485 0.170603312728 0.797533120562 0.0 
1.0 0.860120142209 0.575220676004 0.227704102785 0.926402793311 0.0 
1.0 0.358854538505 0.554704075256 0.207772201521 0.677487110941 1.0 
1.0 0.45137774124 0.940455832993 0.211500204622 0.136273948189 0.0 
1.0 0.24761121808 0.639797640385 0.205335688285 0.452321849114 1.0 
1.0 0.488315340848 0.637631105307 0.0745212914899 0.496412886331 1.0 
1.0 0.451089284555 0.873326922285 0.064591724643 0.0950016821699 0.0 
1.0 0.268957012743 0.519163545334 0.251548883193 0.750384171236 1.0 
1.0 0.361183826234 0.462639430938 0.277610011416 0.810466733953 1.0 
1.0 0.867540690421 0.784977941754 0.0862213798005 0.671722269202 0.0 
1.0 0.653339967837 0.582655745434 0.100286471234 0.796357420188 1.0 
1.0 0.486554312788 0.853966555284 0.205003553966 0.588241177701 0.0 
1.0 0.705175634064 0.327060734077 0.514653111336 0.724634241705 0.0 
1.0 0.30399007709 0.177079630454 0.618411700088 0.687950207771 1.0 
1.0 0.737850565015 0.730623730107 0.219731190902 0.749914072943 0.0 
1.0 0.732968435627 0.397987629421 0.310681284597 0.743211762459 0.0 
1.0 0.411101255508 0.437628860193 0.348736726474 0.832454058576 1.0 
1.0 0.39224339975 0.500812731294 0.297503607814 0.950971566782 1.0 
1.0 0.54733718423 0.903602285526 0.161225149159 0.398710639497 0.0 
1.0 0.184944003346 0.0277945121928 0.963641846339 0.501350282332 1.0 
1.0 0.75946318211 0.765699895602 0.175841643871 0.742036062086 0.0 
1.0 0.860516770151 0.389703158501 0.375053309497 0.876428707821 0.0 
1.0 0.55993913564 0.513356146187 0.471983974842 0.654436836793 0.0 
1.0 0.639198378873 0.273091933679 0.574557908114 0.739213653764 0.0 
1.0 0.764518385508 0.564305679764 0.283330820428 0.92781217891 0.0 
1.0 0.824026999546 0.332789516814 0.372727076916 0.77460523564 0.0 
1.0 0.562451593363 0.628725486161 0.353350421091 0.771077861735 0.0 
1.0 0.399123091679 0.58730313156 0.535580588881 0.85832128536 0.0 
1.0 0.788395387578 0.434841176889 0.341021388416 0.877719886885 0.0 
1.0 0.842906489554 0.909484484391 0.0301936373231 0.394828009493 0.0 
1.0 0.492965262604 0.860395065239 0.0681370754087 0.158023950462 0.0 
1.0 0.563684024548 0.854202292261 0.123945118142 0.651027032925 0.0 
1.0 0.711262070109 0.788929342518 0.19245395998 0.606472262382 0.0 
1.0 0.33981639732 0.142935187299 0.592831757383 0.606935995708 1.0 
1.0 0.234306153502 0.0397983887565 0.778934671635 0.520399719941 1.0 
1.0 0.527544728815 0.697871257675 0.0157968423547 0.248088236631 1.0 
1.0 0.51260404272 0.608594296662 0.101061882094 0.720754339544 1.0 
1.0 0.482732261717 0.500890187729 0.2071075021 0.834217154496 1.0 
1.0 0.554143319704 0.632441149947 0.412665044048 0.83609845695 0.0 
1.0 0.577478744348 0.829423716637 0.169086953712 0.643980104931 0.0 
1.0 0.248707353482 0.523963973403 0.258414284791 0.746974367368 1.0 
1.0 0.555693774384 0.513665897091 0.219620479462 0.798591523682 1.0 
1.0 0.670423814984 0.818430141405 0.217000021539 0.479954899661 0.0 
1.0 0.577575377337 0.65915426553 0.0152799017813 0.401529410695 1.0 
1.0 0.79866444555 0.524041429838 0.266091713873 0.88477590769 0.0 
1.0 0.881213537272 0.823384359787 0.0876645055679 0.634569046255 0.0 
1.0 0.000411050775588 0.863104169551 0.234865056971 0.364494394282 1.0 
1.0 0.385327650737 0.249087922409 0.477149072738 0.792477518026 1.0 
1.0 0.382760386244 0.590861637362 0.562082408943 0.862318484774 0.0 
1.0 0.666075330463 0.685635385991 0.0133586059836 0.529456159015 1.0 
1.0 0.263195090467 0.640961357845 0.196698472871 0.456904625513 1.0 
1.0 0.652431329281 0.258536110789 0.578030025632 0.755439773771 0.0 
1.0 0.699702168473 0.63391544152 0.312232106317 0.794240613947 0.0 
1.0 0.722317172548 0.850640044603 0.102685937062 0.682897333079 0.0 
1.0 0.492965262604 0.860395065239 0.0681370754087 0.158023950462 0.0 
1.0 0.452455848099 0.64483043776 0.0795054601848 0.465606444984 1.0 
1.0 0.468965666443 0.322027936703 0.375901953605 0.782012693563 1.0 
1.0 0.580922917162 0.8317474097 0.155689577186 0.588004764633 0.0 
1.0 0.46956277178 0.51173015974 0.218328558813 0.87207325168 1.0 
1.0 0.827264925831 0.427409849315 0.301156654533 0.859967084027 0.0 
1.0 0.232597047646 0.707704857304 0.199688543305 0.283477454377 1.0 
1.0 0.399101457427 0.241499436851 0.567953992289 0.889013157297 1.0 
1.0 0.904751602737 0.903291711413 0.037611734551 0.411640615765 0.0 
1.0 0.830055744254 0.601084390096 0.268971072867 0.85279467525 0.0 
1.0 0.591184763718 0.754859736498 0.294513968165 0.840566663939 0.0 
1.0 0.894266202251 0.655902591984 0.152997178366 0.875373941824 0.0 
1.0 0.623362106888 0.744562146628 0.25051543283 0.820813442811 0.0 
1.0 0.327888713411 0.932481936186 0.31108622138 0.46231484765 0.0 
1.0 0.792065998889 0.392255104828 0.364163094751 0.876074088218 0.0 
1.0 0.837332064124 0.348662473292 0.364572339371 0.777662247561 0.0 
1.0 0.843158889153 0.801008056218 0.144028259418 0.743211762459 0.0 
1.0 0.702154050292 0.769726133502 0.210355612036 0.818109241023 0.0 
1.0 0.481509205374 0.623614109794 0.0706485450277 0.499004337271 1.0 
1.0 0.480277495331 0.829345137644 0.320869321731 0.437155041509 0.0 
1.0 0.469870699291 0.506077897975 0.208067288431 0.815405039235 1.0 
1.0 0.787868954128 0.754934573634 0.122950007539 0.687832001237 0.0 
1.0 0.575784782468 0.734496551879 0.308540289056 0.747679969448 0.0 
1.0 0.385702644427 0.619587871894 0.133654985246 0.601998599707 1.0 
1.0 0.740785611781 0.808671378912 0.0754431688457 0.666784873201 0.0 
1.0 0.242332460752 0.636003397606 0.197843065458 0.46807968939 1.0 
1.0 0.790753520974 0.393882812529 0.376677364465 0.853382980078 0.0 
1.0 0.265661395121 0.24444427814 0.720615159282 0.725339843786 1.0 
1.0 0.641909871709 0.635385991237 0.22083873608 0.753441174064 0.0 
1.0 0.818387671361 0.822456379305 0.107855342796 0.646917082663 0.0 
1.0 0.854538505362 0.598914113161 0.216372369526 0.918519326768 0.0 
1.0 0.548906388594 0.800850898233 0.295582312017 0.484183056457 0.0 
1.0 0.711896674816 0.752921454684 0.196034204235 0.723928639625 0.0 
1.0 0.307581362814 0.302207321317 0.482650182006 0.811525137074 1.0 
1.0 0.674880470761 0.417033680453 0.363538458225 0.769431790283 0.0 
1.0 0.349335467913 0.435847736364 0.301600361858 0.81834474481 1.0 
1.0 0.653065933987 0.745179552998 0.244055829582 0.829044254708 0.0 
1.0 0.571009382054 0.770343539871 0.26398776574 0.761671985961 0.0 
1.0 0.324210890682 0.631745164586 0.191863355375 0.501232075798 1.0 
1.0 0.428473559339 0.244055125034 0.486785706593 0.810819534994 1.0 
1.0 0.397341871651 0.324662203879 0.515389751653 0.793182210826 1.0 
1.0 0.743626910124 0.352920706313 0.386606931312 0.750148667449 0.0 
1.0 0.589432389359 0.811769636329 0.274801300967 0.51863571474 0.0 
1.0 0.78463823926 0.746807260699 0.139668727249 0.7742524346 0.0 
1.0 0.680310667849 0.685867381112 0.0128072027053 0.513698318739 1.0 
1.0 0.375520123459 0.928223703166 0.364977276154 0.332742300663 0.0 
1.0 0.347864338821 0.468446792667 0.356891464019 0.8103494367 1.0 
1.0 0.647945827835 0.754702578514 0.23169052491 0.830102657828 0.0 
1.0 0.387678572716 0.50414223546 0.28905162944 0.779543540922 1.0 
1.0 0.806777289805 0.786916223568 0.145208607061 0.699002518708 0.0 
1.0 0.798426468785 0.615486796858 0.262474422211 0.842447966393 0.0 
1.0 0.757653116414 0.91529184612 0.080944278114 0.403648035498 0.0 
1.0 0.531575189841 0.348662473292 0.424662373188 0.687361902943 0.0 
1.0 0.842163713591 0.415795125857 0.349878303573 0.886303499823 0.0 
1.0 0.57487974962 0.373287632789 0.427725246085 0.750384171236 0.0 
1.0 0.539125543561 0.7226498333 0.315294979215 0.740507560672 0.0 
1.0 0.670214683888 0.322955917185 0.4125918108 0.663729688935 0.0 
1.0 0.345708125104 0.631049179224 0.124462058716 0.534393555016 1.0 
1.0 0.575342001457 0.838714747032 0.157279169449 0.6586740864 0.0 
1.0 0.68470963229 0.626326955962 0.236341353092 0.772136082999 0.0 
1.0 0.444850687609 0.514130448611 0.219029874857 0.827985851587 1.0 
1.0 0.791705428034 0.911576182333 0.0672496607577 0.385071424025 0.0 
1.0 0.406197491869 0.435847736364 0.223237771125 0.759790683507 1.0 
1.0 0.551139764475 0.55276766437 0.132401404355 0.786127917656 1.0 
1.0 0.877932342485 0.514207905047 0.241767075193 0.878665539158 0.0 
1.0 0.69248353994 0.862176189069 0.0730092403127 0.653973103467 0.0 
1.0 0.406110954864 0.249398496522 0.470911323152 0.805763932459 1.0 
1.0 0.445572550462 0.587767121801 0.125495939863 0.678187257336 1.0 
1.0 0.8904946311 0.712505659558 0.103202877636 0.729337952481 0.0 
1.0 0.256034153271 0.0598509992629 0.846705580804 0.721224437837 1.0 
1.0 0.668577692202 0.875804031476 0.0936437848666 0.530274511943 0.0 
1.0 0.880889023502 0.663569656535 0.142292200659 0.814346636115 0.0 
1.0 0.563452538058 0.855362267865 0.174812070562 0.640915827855 0.0 
1.0 0.282312557241 0.249245080394 0.718366467788 0.769666930358 1.0 
1.0 0.434913354823 0.627565510558 0.177470006677 0.630104476391 1.0 
1.0 0.344301898766 0.638716243774 0.130518879101 0.553206579558 1.0 
1.0 0.761330939143 0.770654113984 0.198691709566 0.734628149522 0.0 
1.0 0.375556180545 0.268755121666 0.4708036272 0.827280249507 1.0 
1.0 0.629340371676 0.842740984932 0.173261248842 0.651263445993 0.0 
1.0 0.769530320403 0.545799204481 0.297835311349 0.847856369968 0.0 
1.0 0.413610828664 0.524815620007 0.260555280333 0.938741736909 1.0 
1.0 0.758619446307 0.845064677995 0.0903569043875 0.693358611346 0.0 
1.0 0.691654226972 0.745490127111 0.177724169126 0.664784454931 0.0 
1.0 0.568804851841 0.645683581107 0.0713119520968 0.650326886531 1.0 
1.0 0.825635145562 0.923501479904 0.0305253408577 0.374723805887 0.0 
1.0 0.54595114986 0.551451279154 0.401076959528 0.681951680806 0.0 
1.0 0.377697971428 0.260395813611 0.5164236328 0.883484728625 1.0 
1.0 0.619453518811 0.858924515523 0.157386865402 0.619284032116 0.0 
1.0 0.735290511939 0.321874520575 0.511995175221 0.829514353001 0.0 
1.0 0.796479386164 0.380876118347 0.380959355547 0.80164852651 0.0 
1.0 0.604835976318 0.524196342709 0.146793891486 0.897824090492 1.0 
1.0 0.653253430832 0.505922985104 0.450462015637 0.875137528756 0.0 
1.0 0.111921193634 0.856058253226 0.211020311457 0.233857988489 1.0 
1.0 0.633688856197 0.695083574371 0.3176556745 0.834217154496 0.0 
1.0 0.455863963828 0.262483769696 0.479328838822 0.83398255999 1.0 
1.0 0.350727271416 0.274098493154 0.487668813406 0.758379479346 1.0 
1.0 0.722273904045 0.844443529768 0.071087944515 0.652209098266 0.0 
1.0 0.492214554082 0.815949290357 0.308910763134 0.423988652173 0.0 
1.0 0.741131759802 0.87634660071 0.0895470308226 0.541331369286 0.0 
1.0 0.0445232892716 0.872009788697 0.228700712947 0.154259526992 1.0 
1.0 0.380921474879 0.961440165839 0.342977146919 0.47501750366 0.0 
1.0 0.486303355472 0.608051727428 0.100583712064 0.717109031888 1.0 
1.0 0.526543784119 0.702825476058 0.0106274366209 0.196586559008 1.0 
1.0 0.534976815294 0.484552492638 0.261551683288 0.845034870928 1.0 
1.0 0.692699882454 0.768951569148 0.201017080578 0.812348036408 0.0 
1.0 0.67078438584 0.514130448611 0.431714304176 0.752029969903 0.0 
1.0 0.546730704051 0.661092547344 0.0202252999332 0.382479973085 1.0 
1.0 0.763393404438 0.561749991581 0.313744157495 0.973194395192 0.0 
1.0 0.816281937564 0.60874771279 0.248632907575 0.810113932913 0.0 
1.0 0.398063013363 0.921020628856 0.347590841536 0.404702801495 0.0 
1.0 0.75331184331 0.841887841585 0.0988476533052 0.725222546532 0.0 
1.0 0.443849742913 0.620441015241 0.0923126628901 0.667839639197 1.0 
1.0 0.561248007846 0.58010005725 0.090025200853 0.764023386708 1.0 
1.0 0.701944919196 0.920092648374 0.0855579727314 0.387299162552 0.0 
1.0 0.548983550758 0.514441696259 0.281224287591 0.726160924557 0.0 
1.0 0.60460521097 0.349901027888 0.576220733625 0.619520445184 0.0 
1.0 0.375462432123 0.262562348689 0.445628621276 0.72722114624 1.0 
1.0 0.407106130426 0.153539609425 0.635462123333 0.745563163207 1.0 
1.0 0.498683916376 0.472319614439 0.186732720184 0.829867154041 1.0 
1.0 0.283141870209 0.192488596691 0.677467852758 0.865610991389 1.0 
1.0 0.563943635564 0.763918771773 0.178499579986 0.681133327878 0.0 
1.0 0.247841983428 0.291831152454 0.662446421263 0.701941315002 1.0 
1.0 0.682322653225 0.75733684569 0.195111465311 0.798003218855 0.0 
1.0 0.204162429959 0.0486254289103 0.872617227045 0.651027032925 1.0 
1.0 0.448903504028 0.641889338327 0.0696878971288 0.463024086855 1.0 
1.0 0.316884090893 0.89469666638 0.170379305146 0.279831237441 0.0 
1.0 0.801195652958 0.405497535987 0.322454606156 0.822812042518 0.0 
1.0 0.360426627437 0.56128600134 0.235713701079 0.678069050802 1.0 
1.0 0.19855915886 0.221136252231 0.737708660909 0.604708257181 1.0 
1.0 0.704029018742 0.855208851736 0.085079802701 0.689243205397 0.0 
1.0 0.393527031997 0.434687760761 0.301303121029 0.859261481946 1.0 
1.0 0.268394522208 0.51436274308 0.355306179594 0.736392154723 1.0 
1.0 0.530769674549 0.478203310047 0.274874534215 0.857851187066 1.0 
1.0 0.37381822902 0.810452502741 0.15602128072 0.610109386508 0.0 
1.0 0.407704678046 0.983199063039 0.257491545868 0.0908826390973 0.0 
1.0 0.340451002026 0.633836862528 0.184629633618 0.530392718477 1.0 
1.0 0.614607446509 0.801161472346 0.107631335214 0.683242859871 0.0 
1.0 0.239707504922 0.196978824832 0.760294656127 0.690418905771 1.0 
1.0 0.572011047891 0.600077830621 0.0939754884011 0.766492084709 1.0 
1.0 0.707295790696 0.540146755623 0.406466065005 0.751442574356 0.0 
1.0 0.791691005199 0.895624646862 0.063006440218 0.411995235367 0.0 
1.0 0.384786794453 0.619977024999 0.125276240119 0.56367240423 1.0 
1.0 0.545604280697 0.651722937956 0.0521894587201 0.596242850778 1.0 
1.0 0.414086782194 0.899576047626 0.100506170978 0.244087400093 0.0 
1.0 0.521161903526 0.758885974398 0.314446335107 0.697944115588 0.0 
1.0 0.417490571072 0.897173775571 0.321571499343 0.267728706911 0.0 
1.0 0.329532916513 0.500347992681 0.291709565555 0.87901106595 1.0 
1.0 0.640409896949 0.742238453565 0.251290412906 0.823870445639 0.0 
1.0 0.633458090849 0.33542378399 0.581571068559 0.589423243042 0.0 
1.0 0.896638758482 0.889353294892 0.0636698472871 0.471371286724 0.0 
1.0 0.791316011509 0.584747443376 0.226707519331 0.889240477554 0.0 
1.0 0.501186710801 0.530080786688 0.213567105348 0.764728988789 1.0 
1.0 0.599463470567 0.816027869349 0.219251297736 0.578248179165 0.0 
1.0 0.757833401842 0.362986301062 0.412445344304 0.917464560772 0.0 
1.0 0.33071558892 0.344868230513 0.505718655093 0.772136082999 1.0 
1.0 0.783311338511 0.924276044259 0.0549206280828 0.320048737463 0.0 
1.0 0.734648695815 0.733332834419 0.205557541948 0.641388653991 0.0 
1.0 0.777196056797 0.874254902768 0.0595730932432 0.472780672322 0.0 
1.0 0.773893227758 0.885327056992 0.0520085295195 0.380243141748 0.0 
1.0 0.814161780932 0.803328007424 0.108406746074 0.679369322677 0.0 
1.0 0.347640784891 0.506464805966 0.251843970104 0.782365403675 1.0 
1.0 0.460407877752 0.410530333362 0.387602041915 0.867962392137 1.0 
1.0 0.511381419063 0.74525813199 0.30451676826 0.711700628313 0.0 
1.0 0.524753189249 0.346417359222 0.319021259181 0.908644534766 1.0 
1.0 0.656368763026 0.478203310047 0.452236844939 0.750618765742 0.0 
1.0 0.761359784811 0.896631206337 0.0435177806018 0.324631513862 0.0 
1.0 0.331458364883 0.576305814471 0.189574600986 0.642679833056 1.0 
1.0 0.647808810909 0.532713557121 0.427910483124 0.876192294753 0.0 
1.0 0.366815943001 0.523112326799 0.281448295173 0.7435645635 1.0 
1.0 0.598497140673 0.697714099691 0.0 0.24315084063 1.0 
1.0 0.872855504835 0.501974203639 0.2469718052 0.86807968939 0.0 
1.0 0.762044869437 0.542314787444 0.30063971396 0.835863862444 0.0 
1.0 0.170593283286 0.303445875913 0.700243392853 0.746857070115 1.0 
1.0 0.500156487751 0.486643068023 0.561897171904 0.835628358657 0.0 
1.0 0.741506753492 0.37661414347 0.455187714046 0.814816734408 0.0 
1.0 0.290100887725 0.58188118108 0.259484782562 0.736039353683 1.0 
1.0 0.343335568873 0.483313563857 0.344825209469 0.781307182411 1.0 
1.0 0.842098810837 0.402788431676 0.343050380167 0.887476472353 0.0 
